发布日期	收盘指数	市盈率(倍)	市净率(倍)
2016-03-01 2287.66	73.4500	5.4800
2016-02-29 2235.29	71.7300	5.3600
2016-02-26 2406.22	77.2600	5.7700
2016-02-25 2438.36	78.2600	5.8500
2016-02-24 2642.91	84.8800	6.3400
2016-02-23 2663.45	85.5900	6.3900
2016-02-22 2690.19	86.4300	6.4500
2016-02-19 2646.94	85.0700	6.3500
2016-02-18 2622.59	84.2800	6.3000
2016-02-17 2644.18	84.9900	6.3500
2016-02-16 2612.43	84.0200	6.2700
2016-02-15 2499.53	80.4200	6.0000
2016-02-05 2485.66	79.9500	5.9700
2016-02-04 2524.11	81.1300	6.0700
2016-02-03 2471.56	79.4700	5.9500
2016-02-02 2453.68	78.8200	5.9000
2016-02-01 2351.53	75.5300	5.6600
2016-01-29 2368.67	76.0400	5.7000
2016-01-28 2269.28	72.7900	5.4300
2016-01-27 2388.86	76.5800	5.7100
2016-01-26 2400.01	76.7300	5.7400
2016-01-25 2600.52	83.0800	6.2100
2016-01-22 2581.31	82.4100	6.2100
2016-01-21 2535.99	80.9600	6.1000
2016-01-20 2648.40	84.4800	6.3900
2016-01-19 2678.59	85.4200	6.4700
2016-01-18 2587.09	82.5500	6.2500
2016-01-15 2508.44	80.0500	6.0700
2016-01-14 2586.70	82.4100	6.2700
2016-01-13 2455.28	78.2100	5.9500
2016-01-12 2566.19	81.6800	6.2300
2016-01-11 2539.97	80.6600	6.1700
2016-01-08 2736.03	86.7900	6.6600
2016-01-07 2745.71	87.0300	6.6900
2016-01-06 3002.43	95.1200	7.3200
2016-01-05 2926.20	92.6900	7.1400
2016-01-04 3024.82	95.7600	7.3800
2015-12-31 3302.05	104.5500	8.0600
2015-12-30 3378.30	106.9700	8.2600
2015-12-29 3323.02	105.1800	8.1500
2015-12-28 3295.60	104.5100	8.0900
2015-12-25 3362.66	106.0700	8.3200
2015-12-24 3353.91	105.6600	8.3700
2015-12-23 3329.36	104.8200	8.3100
2015-12-22 3403.12	107.1300	8.5000
2015-12-21 3377.44	106.3900	8.4300
2015-12-18 3373.02	106.0900	8.4500
2015-12-17 3391.56	106.6800	8.5000
2015-12-16 3286.94	103.4600	8.2400
2015-12-15 3253.93	102.3700	8.1700
2015-12-14 3202.47	100.8100	8.0400
2015-12-11 3155.06	99.1500	7.9400
2015-12-10 3194.51	100.3000	8.0400
2015-12-09 3178.39	100.8500	8.0100
2015-12-08 3210.46	101.8200	8.1000
2015-12-07 3249.75	103.0200	8.2100
2015-12-04 3195.45	101.3200	8.0300
2015-12-03 3202.43	101.5100	8.0600
2015-12-02 3093.26	98.0600	7.7900
2015-12-01 3161.92	100.1700	7.9600
2015-11-30 3202.05	101.2800	8.0700
2015-11-26 3362.11	106.3300	8.4900
2015-11-25 3409.98	107.8900	8.6200
2015-11-24 3315.07	104.8700	8.3800
2015-11-23 3239.50	102.4300	8.1900
2015-11-20 3279.66	103.7000	8.2900
2015-11-19 3226.84	102.0700	8.1700
2015-11-18 3095.07	97.8100	7.8900
2015-11-17 3164.18	100.0800	8.0800
2015-11-16 3237.23	102.5200	8.2800
2015-11-13 3140.59	99.4300	8.0300
2015-11-12 3256.34	103.1100	8.3400
2015-11-11 3249.13	102.9100	8.3300
2015-11-10 3157.93	99.9500	8.1000
2015-11-09 3125.99	98.8700	8.0200
2015-11-06 3041.37	96.9500	7.8100
2015-11-05 2932.72	93.3600	7.5300
2015-11-04 2950.59	93.9700	7.5800
2015-11-03 2783.93	88.5000	7.1500
2015-11-02 2790.87	88.7800	7.1700
2015-10-30 2848.12	91.0100	7.3400
2015-10-29 2849.04	91.0800	7.3400
2015-10-28 2837.04	90.7400	7.3100
2015-10-27 2919.33	93.4700	7.5300
2015-10-26 2879.88	92.1700	7.5300
2015-10-23 2876.38	92.0700	7.5800
2015-10-22 2777.01	88.8600	7.4000
2015-10-21 2651.57	84.7700	7.0800
2015-10-20 2835.32	90.8200	7.5800
2015-10-19 2752.09	88.1100	7.3600
2015-10-15 2728.36	87.3500	7.3000
2015-10-14 2628.82	84.0600	7.0300
2015-10-13 2668.05	85.3300	7.1400
2015-10-12 2631.99	84.1000	7.0400
2015-10-09 2524.99	80.6000	6.7500
2015-10-08 2491.76	79.5500	6.6700
2015-09-30 2380.41	75.9100	6.3700
2015-09-29 2395.60	76.3700	6.4300
2015-09-28 2423.59	77.2600	6.5100
2015-09-25 2313.72	73.3800	6.2500
2015-09-24 2417.13	76.6800	6.5300
2015-09-23 2388.01	75.6900	6.4500
2015-09-22 2382.30	75.3700	6.4500
2015-09-21 2376.19	75.1500	6.4300
2015-09-18 2267.64	71.5900	6.1500
2015-09-17 2214.59	69.8700	6.0100
2015-09-16 2214.90	69.8600	6.0100
2015-09-15 2071.62	65.2100	5.6200
2015-09-14 2187.19	68.9400	5.9400
2015-09-11 2354.56	74.3900	6.3900
2015-09-10 2326.25	73.4800	6.3300
2015-09-09 2360.18	74.5500	6.4200
2015-09-08 2273.29	71.7000	6.1800
2015-09-07 2153.48	67.8000	5.8600
2015-09-01 2164.06	68.0900	5.8900
2015-08-31 2299.76	79.7400	6.2700
2015-08-28 2407.85	83.4200	6.5500
2015-08-27 2273.37	78.7400	6.1800
2015-08-26 2203.32	76.2800	6.0100
2015-08-25 2301.97	79.7100	6.2200
2015-08-24 2481.34	85.3900	6.8900
2015-08-21 2687.98	92.5500	7.4800
2015-08-20 2862.73	98.5800	7.8800
2015-08-19 2933.76	100.8600	8.1100
2015-08-18 2862.55	98.3500	7.9100
2015-08-17 3058.79	105.0900	8.4700
2015-08-14 3068.53	105.3400	8.5100
2015-08-13 3076.28	105.6000	8.5500
2015-08-12 3001.03	102.9700	8.3400
2015-08-11 3074.51	105.5000	8.5500
2015-08-10 3071.36	105.3800	8.5600
2015-08-07 2927.13	100.4200	8.1500
2015-08-06 2812.51	96.4400	7.8400
2015-08-05 2834.05	97.1300	7.9400
2015-08-04 2859.15	98.0300	8.0100
2015-08-03 2701.04	92.5900	7.5800
2015-07-31 2861.61	98.1100	8.0300
2015-07-30 2909.91	99.7800	8.1700
2015-07-29 3043.56	104.3700	8.5500
2015-07-28 2918.82	100.0000	8.2300
2015-07-27 3042.54	104.2200	8.5800
2015-07-24 3268.98	111.9600	9.2300
2015-07-23 3318.30	113.6400	9.3700
2015-07-22 3218.80	110.2300	9.0900
2015-07-21 3184.92	109.0900	8.9900
2015-07-20 3127.38	107.0900	8.8600
2015-07-17 3051.47	104.5000	8.6500
2015-07-16 2892.09	98.9500	8.2200
2015-07-14 2994.07	102.4000	8.5100
2015-07-13 2916.20	99.8100	8.2800
2015-07-10 2782.02	95.1400	7.9100
2015-07-09 2684.69	91.6500	7.6200
2015-07-08 2607.90	89.0200	7.4100
2015-07-07 2631.33	89.8700	7.4800
2015-07-06 2778.59	95.0900	7.9000
2015-07-03 2909.65	99.5800	8.2800
2015-07-02 3012.70	103.2400	8.5800
2015-07-01 3171.96	108.5600	9.0600
2015-06-30 3317.66	113.5800	9.4700
2015-06-29 3160.18	108.2900	9.0300
2015-06-26 3408.97	116.8700	9.7400
2015-06-25 3714.43	127.4700	10.6200
2015-06-24 3905.77	134.0600	11.1700
2015-06-23 3890.62	133.5300	11.1300
2015-06-19 3814.02	130.8500	10.9100
2015-06-18 4026.29	138.4700	11.5400
2015-06-17 4253.38	146.8000	12.2100
2015-06-16 4103.96	142.0500	11.8100
2015-06-15 4256.26	147.3000	12.2400
2015-06-12 4445.09	153.8300	12.8100
2015-06-11 4387.10	151.7700	12.6500
2015-06-10 4323.41	149.6200	12.4600
2015-06-09 4177.22	144.3500	12.0400
2015-06-08 4172.64	144.2100	12.0200
2015-06-05 4365.82	150.9300	12.5800
2015-06-04 4402.55	152.1300	12.6800
2015-06-03 4469.55	154.8400	12.8900
2015-06-02 4419.29	153.3000	12.7600
2015-06-01 4233.64	147.0300	12.2200
2015-05-29 4044.66	140.3900	11.6800
2015-05-28 3926.43	136.3100	11.3500
2015-05-27 4129.81	143.3100	11.9800
2015-05-26 4069.89	141.2800	11.8000
2015-05-25 3887.66	135.0300	11.3000
2015-05-22 3916.65	136.1600	11.3800
2015-05-21 3936.34	137.2600	11.4700
2015-05-20 3793.95	132.4200	11.0600
2015-05-19 3682.87	128.6500	10.7500
2015-05-18 3615.71	126.2700	10.5500
2015-05-15 3454.71	120.5900	10.0800
2015-05-14 3426.38	119.6100	9.9900
2015-05-13 3443.29	120.4600	10.0600
2015-05-12 3459.94	121.0700	10.1100
2015-05-11 3347.93	117.1400	9.7800
2015-05-08 3167.83	110.8200	9.2500
2015-05-07 2986.27	104.4400	8.7300
2015-05-06 3014.37	105.2600	8.8000
2015-05-05 2958.72	103.3300	8.6300
2015-05-04 3002.70	104.7300	8.7600
2015-04-30 2999.74	124.7800	8.7700
2015-04-29 2949.13	122.6500	8.6400
2015-04-28 2841.53	118.1800	8.3300
2015-04-27 2926.10	121.5900	8.6100
2015-04-24 2922.31	121.4000	8.6900
2015-04-23 2900.55	120.5600	8.6800
2015-04-22 2840.44	117.9700	8.4900
2015-04-21 2761.73	114.6800	8.2600
2015-04-20 2621.05	108.8400	7.8600
2015-04-17 2669.20	110.8500	7.9900
2015-04-16 2686.71	111.6000	8.0400
2015-04-15 2656.25	110.2400	7.9200
2015-04-14 2788.78	115.7000	8.3300
2015-04-13 2807.38	116.5400	8.4100
2015-04-10 2764.08	114.6300	8.2700
2015-04-09 2698.39	111.7700	8.1200
2015-04-08 2697.23	111.7600	8.1100
2015-04-07 2755.50	114.1900	8.2900
2015-04-03 2698.71	111.8200	8.1200
2015-04-02 2645.71	109.6800	7.9700
2015-04-01 2569.64	106.5600	7.7400
2015-03-31 2489.55	103.2500	7.5000
2015-03-30 2437.05	101.0300	7.3300
2015-03-27 2469.23	102.3800	7.4300
2015-03-26 2434.39	100.8200	7.3600
2015-03-25 2526.05	104.5300	7.6800
2015-03-24 2486.25	102.9200	7.5800
2015-03-23 2426.87	100.3500	7.3900
2015-03-20 2338.22	96.5900	7.1300
2015-03-19 2298.03	95.0100	7.0100
2015-03-18 2287.06	94.5500	6.9800
2015-03-17 2235.67	92.4100	6.8300
2015-03-16 2228.03	92.1100	6.8100
2015-03-13 2149.38	88.8400	6.5800
2015-03-12 2094.65	86.5500	6.4200
2015-03-11 2116.85	87.5000	6.4800
2015-03-10 2123.86	87.8000	6.5000
2015-03-09 2076.16	85.7300	6.3500
2015-03-06 2032.21
2015-03-05 2091.28	86.3700	6.4100
2015-03-04 2081.93	86.0400	6.3800
2015-03-03 2032.57	83.9700	6.2300
2015-03-02 2053.31	84.8900	6.3000
2015-02-27 1994.44	82.4400	6.1400
2015-02-26 1950.84	80.5800	6.0000
2015-02-17 1967.19	81.2200	6.0500
2015-02-16 1963.07	80.8700	6.0400
2015-02-13 1898.38	78.1100	5.8400
2015-02-12 1856.99	76.2700	5.7100
2015-02-11 1837.91	75.4200	5.6600
2015-02-10 1809.94	74.2800	5.5700
2015-02-09 1774.91	72.7800	5.4800
2015-02-06 1796.51	73.6500	5.5500
2015-02-05 1842.77	75.5600	5.6900
2015-02-04 1825.46	74.8100	5.6400
2015-02-03 1815.94	74.4100	5.6100
2015-02-02 1763.87	72.1700	5.4400
2015-01-30 1749.75	71.5800	5.4000
2015-01-29 1779.97	72.8900	5.5000
2015-01-28 1795.42	73.6200	5.5500
2015-01-27 1800.72	74.2800	5.5700
2015-01-26 1792.05	73.9000	5.5400
2015-01-23 1752.77	72.2500	5.4200
2015-01-22 1793.26	73.9900	5.5400
2015-01-21 1771.09	73.1100	5.4800
2015-01-20 1749.39	72.2300	5.4100
2015-01-19 1677.09	69.2500	5.1900
2015-01-16 1684.73	69.5500	5.2100
2015-01-15 1638.06	67.6200	5.0700
2015-01-14 1641.56	67.7500	5.0800
2015-01-13 1651.82	68.1700	5.1100
2015-01-12 1623.53	67.0300	5.0200
2015-01-09 1611.66	66.4700	4.9900
2015-01-08 1608.30	66.3300	4.9900
2015-01-07 1592.13	65.5800	4.9500
2015-01-06 1608.07	66.2100	5.0000
2015-01-05 1539.07	63.3400	4.7900
2014-12-31 1554.93	63.9700	4.8400
2014-12-30 1541.19	63.3800	4.8100
2014-12-29 1576.23	64.8300	4.9200
2014-12-26 1623.74	66.7800	5.0600
2014-12-25 1624.17	66.7000	5.0700
2014-12-24 1614.34	66.3000	5.0400
2014-12-23 1579.86	64.9000	4.9300
2014-12-22 1602.77	65.8100	5.0000
2014-12-19 1694.21	69.5400	5.2900
2014-12-18 1736.19	71.2400	5.4200
2014-12-17 1745.81	71.6400	5.4500
2014-12-16 1760.70	72.2600	5.5000
2014-12-15 1771.98	72.8200	5.5300
2014-12-12 1734.38	71.2600	5.4200
2014-12-11 1697.40	69.6800	5.3000
2014-12-10 1682.06	69.0100	5.2600
2014-12-09 1621.50	66.6600	5.0600
2014-12-08 1699.87	69.8600	5.3100
2014-12-05 1727.43	70.9600	5.4000
2014-12-04 1777.62	73.0400	5.5600
2014-12-03 1760.23	72.3100	5.5000
2014-12-02 1734.35	71.2100	5.4200
2014-12-01 1716.54	70.5100	5.3700
2014-11-28 1735.43	71.2700	5.4300
2014-11-27 1726.25	70.9100	5.4000
2014-11-26 1711.88	70.3100	5.3600
2014-11-25 1695.14	69.6500	5.3100
2014-11-24 1662.36	68.3100	5.2000
2014-11-21 1652.30	67.9000	5.1700
2014-11-20 1635.27	67.2200	5.1200
2014-11-19 1642.55	67.5400	5.1500
2014-11-18 1619.58	66.6000	5.0800
2014-11-17 1609.56	66.1600	5.0400
2014-11-14 1577.35	64.8600	4.9400
2014-11-13 1583.52	65.0800	4.9600
2014-11-12 1623.83	66.7200	5.0900
2014-11-11 1602.76	65.8600	5.0200
2014-11-10 1659.39	68.2100	5.2000
2014-11-07 1662.69	68.3500	5.2100
2014-11-06 1675.27	68.7700	5.2700
2014-11-05 1647.26	67.8300	5.1900
2014-11-04 1648.94	67.8900	5.1900
2014-11-03 1663.90	68.5200	5.2400
2014-10-31 1644.68	67.7400	5.1800
2014-10-30 1658.93	68.3000	5.2200
2014-10-29 1661.15	68.4100	5.2300
2014-10-28 1647.25	67.8400	5.1800
2014-10-27 1608.56	66.2400	5.0700
2014-10-24 1589.04	65.3800	5.0500
2014-10-23 1587.18	65.2700	5.0700
2014-10-22 1614.81	66.3900	5.1800
2014-10-21 1631.39	67.0400	5.2400
2014-10-20 1643.05	67.5200	5.2800
2014-10-17 1618.07	66.4800	5.2000
2014-10-16 1636.53	67.2600	5.2800
2014-10-15 1657.13	68.1700	5.3600
2014-10-14 1651.49	67.9100	5.3400
2014-10-13 1658.61	68.2200	5.3700
2014-10-10 1661.31	68.3200	5.3700
2014-10-09 1668.27	68.6000	5.4000
2014-10-08 1665.05	68.4300	5.3900
2014-09-30 1644.44	67.5900	5.3200
2014-09-29 1630.31	66.9900	5.2800
2014-09-26 1611.47	66.2600	5.2200
2014-09-25 1604.75	65.9600	5.2000
2014-09-24 1606.66	66.0500	5.2000
2014-09-23 1585.06	65.2000	5.1400
2014-09-22 1563.52	64.3700	5.0700
2014-09-19 1578.27	64.9900	5.1200
2014-09-18 1564.71	64.4900	5.0800
2014-09-17 1550.60	63.9000	5.0300
2014-09-16 1543.69	63.7300	5.0100
2014-09-15 1598.91	66.0400	5.1900
2014-09-12 1588.35	65.6300	5.1600
2014-09-11 1575.35	65.1500	5.1200
2014-09-10 1573.13	65.0500	5.1100
2014-09-09 1559.08	64.4100	5.0700
2014-09-05 1550.82	64.0300	5.0600
2014-09-04 1552.29	64.0600	5.0700
2014-09-03 1534.28	63.2900	5.0100
2014-09-02 1519.67	62.7100	4.9600
2014-09-01 1502.38	62.0000	4.9100
2014-08-28 1451.96	61.1600	4.7500
2014-08-27 1466.23	61.7600	4.8000
2014-08-26 1455.72	61.3100	4.7700
2014-08-25 1489.38	62.7300	4.9000
2014-08-22 1502.52	63.2600	4.9400
2014-08-21 1487.05	62.5800	4.9000
2014-08-20 1471.14	61.9000	4.8500
2014-08-19 1478.03	62.1900	4.8700
2014-08-18 1469.47	61.8300	4.8500
2014-08-14 1421.28	59.8500	4.7000
2014-08-13 1422.93	59.9600	4.7100
2014-08-12 1432.06	60.3100	4.7400
2014-08-11 1429.04	60.2000	4.7400
2014-08-08 1408.75	59.3500	4.6700
2014-08-07 1394.27	58.8500	4.6300
2014-08-06 1398.78	59.0600	4.6500
2014-08-05 1394.83	58.9000	4.6400
2014-08-04 1366.86	57.7200	4.5400
2014-08-01 1359.25	57.4000	4.5200
2014-07-31 1376.79	58.1300	4.5800
2014-07-30 1374.05	58.0100	4.5700
2014-07-29 1360.78	57.4700	4.5300
2014-07-28 1342.99	56.7100	4.4800
2014-07-24 1304.33	55.0300	4.3600
2014-07-23 1323.36	55.8400	4.4200
2014-07-22 1362.18	57.4900	4.5500
2014-07-21 1342.51	56.6400	4.4800
2014-07-18 1344.30	56.7400	4.4900
2014-07-17 1351.46	57.0400	4.5100
2014-07-16 1356.60	57.2700	4.5300
2014-07-15 1379.77	58.2500	4.6100
2014-07-14 1405.39	59.3400	4.7000
2014-07-11 1396.12	58.9000	4.6800
2014-07-10 1396.75	58.9200	4.6800
2014-07-09 1407.43	59.4000	4.7200
2014-07-08 1433.72	60.5500	4.8100
2014-07-07 1415.92	59.8000	4.7500
2014-07-04 1424.55	60.2000	4.7800
2014-07-03 1427.92	60.3700	4.7900
2014-07-02 1425.13	60.3500	4.7800
2014-07-01 1417.18	60.0000	4.7600
2014-06-30 1409.77	59.6800	4.7400
2014-06-27 1390.16	58.8400	4.6700
2014-06-26 1384.15	58.5900	4.6500
2014-06-25 1352.83	57.2400	4.5500
2014-06-24 1359.94	57.5300	4.5700
2014-06-23 1351.50	57.1400	4.5400
2014-06-20 1321.14	55.8500	4.4400
2014-06-19 1303.00	55.0600	4.3800
2014-06-18 1348.53	56.9800	4.5300
2014-06-17 1365.46	57.6800	4.5900
2014-06-16 1380.96	58.3300	4.6400
2014-06-13 1365.86	57.6600	4.5900
2014-06-12 1345.92	56.8300	4.5200
2014-06-11 1347.13	56.8600	4.5200
2014-06-10 1334.29	56.3200	4.4800
2014-06-09 1310.57	55.3300	4.4000
2014-06-06 1328.55	56.1100	4.4600
2014-06-05 1331.66	56.2500	4.4700
2014-06-04 1303.11	55.0100	4.3800
2014-06-03 1302.82	54.9800	4.3800
2014-05-30 1302.32	54.9400	4.3800
2014-05-29 1296.38	54.7100	4.3600
2014-05-28 1319.73	55.7100	4.4500
2014-05-27 1289.78	54.3900	4.3600
2014-05-26 1299.57	54.8400	4.3900
2014-05-23 1275.80	53.8500	4.3100
2014-05-22 1250.49	52.7300	4.2300
2014-05-21 1241.73	52.3700	4.2000
2014-05-20 1228.46	51.7500	4.1500
2014-05-19 1211.84	51.0500	4.1000
2014-05-16 1210.33	50.9900	4.0900
2014-05-15 1231.09	51.8800	4.1600
2014-05-14 1254.32	52.8500	4.2400
2014-05-13 1250.10	52.6200	4.2400
2014-05-12 1249.83	52.6000	4.2300
2014-05-09 1229.27	51.7200	4.1600
2014-05-08 1248.72	52.5400	4.2200
2014-05-07 1255.53	52.7800	4.2500
2014-05-06 1281.84	53.9000	4.3400
2014-05-05 1266.84	53.2600	4.2900
2014-04-30 1246.94	59.4200	4.2200
2014-04-29 1231.38	58.7300	4.1700
2014-04-28 1217.83	58.1000	4.1200
2014-04-25 1257.86	60.0100	4.2500
2014-04-24 1285.43	61.3100	4.3700
2014-04-23 1292.03	61.5400	4.4200
2014-04-22 1299.66	61.9400	4.4500
2014-04-21 1325.45	63.1800	4.5500
2014-04-18 1339.43	63.8700	4.6000
2014-04-17 1329.82	63.3800	4.5700
2014-04-16 1321.05	62.9800	4.5400
2014-04-15 1329.28	63.3500	4.5600
2014-04-14 1331.90	63.5300	4.5800
2014-04-11 1321.71	63.0600	4.5400
2014-04-10 1336.44	63.7500	4.5900
2014-04-09 1330.65	63.4300	4.5700
2014-04-08 1307.26	62.3100	4.5000
2014-04-04 1303.29	62.0900	4.4900
2014-04-03 1284.67	61.1800	4.4200
2014-04-02 1282.29	61.0600	4.4100
2014-04-01 1303.57	62.1700	4.4900
2014-03-31 1273.89	60.8300	4.3900
2014-03-28 1278.87	61.0900	4.4100
2014-03-27 1321.23	63.0500	4.5700
2014-03-26 1370.27	65.2800	4.7600
2014-03-25 1349.62	64.2400	4.7000
2014-03-24 1353.25	64.4100	4.7100
2014-03-21 1373.87	65.5000	4.7900
2014-03-20 1366.75	65.1700	4.7700
2014-03-19 1414.93	67.4900	4.9400
2014-03-18 1425.04	67.9800	4.9700
2014-03-17 1414.14	67.4800	4.9400
2014-03-14 1373.72	65.5500	4.8000
2014-03-13 1372.69	65.4800	4.8000
2014-03-12 1340.35	63.8900	4.6900
2014-03-11 1343.44	64.1800	4.7200
2014-03-10 1352.83	64.6300	4.7500
2014-03-07 1403.50	67.0400	4.9300
2014-03-06 1408.61	67.2800	4.9500
2014-03-05 1406.98	67.1600	4.9400
2014-03-04 1400.65	66.8900	4.9200
2014-03-03 1403.54	67.0300	4.9200
2014-02-28 1371.69	65.4900	4.8100
2014-02-27 1352.78	64.6200	4.7500
2014-02-26 1400.38	66.9500	4.9200
2014-02-25 1406.05	67.2100	4.9400
2014-02-24 1482.26	70.8300	5.2000
2014-02-20 1451.38	69.2600	5.1000
2014-02-19 1477.70	70.5000	5.1900
2014-02-18 1479.67	70.6100	5.2000
2014-02-17 1485.84	70.8800	5.2300
2014-02-14 1441.98	68.7800	5.0700
2014-02-13 1408.29	67.1800	4.9500
2014-02-12 1458.53	69.5700	5.1300
2014-02-11 1438.81	68.5900	5.0500
2014-02-10 1453.00	69.2100	5.0900
2014-02-07 1426.56	68.2700	5.0000
2014-01-30 1391.29	66.6200	4.8800
2014-01-29 1395.68	66.8500	4.9000
2014-01-28 1370.01	65.6400	4.8100
2014-01-27 1378.76	66.2900	4.8300
2014-01-24 1383.34	66.4300	4.8500
2014-01-23 1363.25	65.4500	4.7800
2014-01-22 1333.63	64.0500	4.6800
2014-01-21 1312.49	63.0400	4.6000
2014-01-20 1280.42	61.5300	4.4900
2014-01-17 1300.29	62.4700	4.5600
2014-01-16 1299.03	62.4400	4.5600
2014-01-13 1257.92	60.4700	4.4200
2014-01-10 1250.01	60.0800	4.3900
2014-01-09 1273.24	61.2000	4.4700
2014-01-08 1301.29	62.4900	4.5700
2014-01-07 1259.60	60.4800	4.4300
2014-01-06 1233.88	59.2100	4.3400
2014-01-03 1266.91	60.7900	4.4500
2014-01-02 1252.45	60.1000	4.4000
2013-12-31 1223.19	58.6700	4.3000
2013-12-30 1231.80	59.0600	4.3300
2013-12-27 1218.98	58.4700	4.2900
2013-12-26 1191.40	57.1800	4.1900
2013-12-25 1208.45	58.0200	4.2500
2013-12-24 1173.37	56.3600	4.1300
2013-12-23 1154.60	55.4500	4.0600
2013-12-20 1161.26	55.7300	4.0900
2013-12-19 1165.77	55.9000	4.1000
2013-12-18 1168.72	56.0500	4.1100
2013-12-17 1175.56	56.3700	4.1400
2013-12-16 1185.05	56.8500	4.1700
2013-12-13 1187.60	56.9500	4.1800
2013-12-12 1182.43	56.6800	4.1600
2013-12-11 1154.50	55.3300	4.0600
2013-12-10 1147.88	55.0000	4.0400
2013-12-09 1156.01	55.3900	4.0700
2013-12-06 1127.29	53.9800	3.9700
2013-12-05 1124.35	53.8500	3.9600
2013-12-04 1153.43	55.2500	4.0600
2013-12-03 1163.87	55.8000	4.1000
2013-12-02 1167.20	55.9400	4.1100
2013-11-29 1275.92	61.2000	4.4900
2013-11-28 1245.86	59.7800	4.3800
2013-11-27 1236.58	59.3000	4.3500
2013-11-26 1207.02	57.8900	4.2500
2013-11-25 1200.00	57.5500	4.2200
2013-11-22 1196.57	57.3500	4.2100
2013-11-21 1199.29	57.4500	4.2200
2013-11-20 1203.64	57.6600	4.2400
2013-11-19 1200.22	57.5400	4.2200
2013-11-18 1194.39	57.2500	4.2000
2013-11-15 1171.76	56.2000	4.1200
2013-11-14 1150.36	55.1900	4.0500
2013-11-13 1114.24	53.4500	3.9200
2013-11-12 1129.35	54.1200	3.9800
2013-11-11 1112.98	53.3300	3.9200
2013-11-08 1103.48	52.8600	3.8900
2013-11-07 1117.39	53.5100	3.9400
2013-11-06 1132.54	54.2200	4.0000
2013-11-05 1145.76	54.8300	4.0500
2013-11-04 1115.14	53.3800	3.9300
2013-11-01 1109.64	53.1300	3.9200
2013-10-31 1121.22	53.7100	3.9600
2013-10-30 1150.31	55.1300	4.0600
2013-10-29 1134.66	54.4300	4.0000
2013-10-28 1160.20	55.6500	4.1000
2013-10-25 1154.99	55.3600	4.1000
2013-10-24 1178.21	56.4100	4.2000
2013-10-23 1188.16	56.9200	4.2500
2013-10-22 1221.52	58.5400	4.3900
2013-10-21 1257.81	60.2300	4.5300
2013-10-18 1212.71	58.1100	4.3700
2013-10-17 1192.47	57.1400	4.3000
2013-10-16 1196.62
2013-10-15 1242.51	59.4500	4.4900
2013-10-14 1250.23
2013-10-11 1235.07
2013-10-10 1230.80	58.7400	4.4500
2013-10-09 1261.32	60.3700	4.5600
2013-10-08 1236.72	59.1900	4.4600
2013-09-30 1216.63	58.2500	4.3900
2013-09-27 1183.92	56.6900	4.2800
2013-09-26 1171.71	56.0500	4.2300
2013-09-25 1183.72	56.6100	4.2800
2013-09-24 1190.10	56.9600	4.3000
2013-09-23 1186.48
2013-09-18 1152.22	55.1100	4.1700
2013-09-17 1135.27	54.2200	4.1000
2013-09-16 1145.58	54.7200	4.1400
2013-09-13 1125.38	53.6900	4.0700
2013-09-12 1100.77	52.5200	3.9800
2013-09-11 1100.74
2013-09-10 1139.55	54.4200	4.1200
2013-09-09 1147.72	54.8700	4.1500
2013-09-06 1152.97	55.1800	4.1700
2013-09-05 1141.48	54.5300	4.1500
2013-09-04 1116.06	53.3200	4.0600
2013-09-03 1115.31	53.2600	4.0500
2013-09-02 1093.22	52.2300	3.9700
2013-08-30 1069.64	50.4800	3.8900
2013-08-29 1114.14	52.5500	4.0500
2013-08-28 1115.78	52.6500	4.0600
2013-08-27 1137.56	53.6900	4.1300
2013-08-26 1127.36	53.1300	4.0900
2013-08-23 1110.01	52.2900	4.0400
2013-08-22 1097.76	51.6900	4.0000
2013-08-21 1084.57	51.0100	3.9500
2013-08-20 1077.67	50.7000	3.9300
2013-08-19 1070.20	50.3500	3.9100
2013-08-16 1034.08	48.6200	3.7800
2013-08-15 1067.71	50.2200	3.9100
2013-08-14 1077.81	50.7400	3.9800
2013-08-13 1070.47	50.3800	3.9500
2013-08-12 1058.83	49.8200	3.9100
2013-08-09 1065.28	50.1600	3.9300
2013-08-08 1074.85	50.6200	3.9700
2013-08-07 1065.21	50.0000	3.9300
2013-08-06 1097.93	51.5400	4.0500
2013-08-05 1089.62	51.1700	4.0300
2013-08-02 1074.73	50.4800	3.9700
2013-08-01 1071.76
2013-07-31 1022.25	48.0300	3.7800
2013-07-30 1013.46	47.6300	3.7600
2013-07-29 1028.01	48.2900	3.8200
2013-07-26 1045.58	49.1500	3.8800
2013-07-25 1038.38	48.8500	3.8600
2013-07-24 1089.31	51.2700	4.0500
2013-07-23 1067.35
2013-07-22 1042.01	49.0300	3.8700
2013-07-19 1005.40	47.3100	3.7400
2013-07-18 1021.38	48.0600	3.8000
2013-07-17 1015.55	47.7900	3.7700
2013-07-16 1025.30	48.2400	3.8100
2013-07-15 1017.58	47.9000	3.7800
2013-07-12 978.74	46.1200	3.6400
2013-07-11 965.52	45.4900	3.5900
2013-07-10 952.66	44.9300	3.5500
2013-07-09 934.63	44.0800	3.4800
2013-07-08 919.53	43.3400	3.4200
2013-07-05 950.97	44.8200	3.5400
2013-07-04 976.69	46.0100	3.6300
2013-07-03 989.12	46.6200	3.6800
2013-07-02 973.39	45.8800	3.6200
2013-07-01 949.88	44.7900	3.5400
2013-06-28 912.24	42.9900	3.4000
2013-06-27 925.52	43.6100	3.4400
2013-06-26 941.66	44.3700	3.5000
2013-06-25 895.53	42.1600	3.3300
2013-06-24 885.23	41.6900	3.2900
2013-06-21 933.36	43.9600	3.4700
2013-06-20 936.08	44.1000	3.4800
2013-06-19 971.78	45.7900	3.6100
2013-06-18 974.22	45.9100	3.6200
2013-06-17 974.02	45.9000	3.6200
2013-06-14 969.28	45.6700	3.6000
2013-06-13 933.83	43.9900	3.4700
2013-06-07 940.94	44.3000	3.4900
2013-06-06 940.17	44.2400	3.4900
2013-06-05 953.48	44.8500	3.5400
2013-06-04 944.31	44.4000	3.5000
2013-06-03 969.73	45.6200	3.6000
2013-05-31 989.26
2013-05-30 989.70	46.7400	3.6700
2013-05-29 982.16
2013-05-28 974.85	46.0300	3.6100
2013-05-27 1005.38	47.4500	3.7200
2013-05-24 992.28	46.8300	3.6700
2013-05-23 963.51	45.4700	3.5600
2013-05-22 960.77	45.3000	3.5500
2013-05-21 991.27	46.7900	3.6600
2013-05-20 969.21	45.7300	3.5800
2013-05-17 942.08	44.4000	3.4800
2013-05-16 926.41	43.6500	3.4200
2013-05-15 931.62	43.9200	3.4300
2013-05-14 901.79	42.4500	3.3200
2013-05-13 918.87	43.2800	3.3800
2013-05-10 910.54	42.8800	3.3500
2013-05-09 913.91	43.0800	3.3600
2013-05-08 903.42	42.6100	3.3200
2013-05-07 883.60	41.6700	3.2500
2013-05-06 883.83	41.6900	3.2500
2013-05-03 865.44	40.8300	3.1800
2013-05-02 842.23	39.7200	3.1000
2013-04-26 823.55	42.1700	3.0300
2013-04-25 840.25	43.0100	3.0900
2013-04-24 857.63	43.8900	3.1600
2013-04-23 829.46	42.4300	3.0600
2013-04-22 851.11	43.5300	3.1500
2013-04-19 832.63	42.5500	3.0800
2013-04-18 814.82	41.6300	3.0200
2013-04-17 808.97	41.3200	3.0000
2013-04-16 791.97	40.4300	2.9400
2013-04-15 783.02	39.9700	2.9100
2013-04-12 793.43	40.5100	2.9500
2013-04-11 796.88	40.6900	2.9600
2013-04-10 799.12	40.8100	2.9700
2013-04-09 807.85	41.2700	3.0100
2013-04-08 800.33	40.8800	2.9800
2013-04-03 786.60	40.1700	2.9300
2013-04-02 796.30	40.6900	2.9600
2013-04-01 822.19	42.1400	3.0600
2013-03-29 812.24	41.6100	3.0300
2013-03-28 814.15	41.7000	3.0400
2013-03-27 833.63	42.6700	3.1200
2013-03-26 829.14	42.4400	3.1000
2013-03-25 834.20	42.7000	3.1200
2013-03-22 835.82	42.7900	3.1300
2013-03-21 835.35	42.7600	3.1400
2013-03-20 821.32	42.0400	3.0800
2013-03-19 799.38	40.9400	3.0000
2013-03-18 804.27	41.1800	3.0300
2013-03-15 808.62	41.3900	3.0500
2013-03-14 799.86	40.9300	3.0200
2013-03-13 794.68	40.6800	3.0000
2013-03-12 800.04	40.9300	3.0200
2013-03-11 830.12	42.4600	3.1300
2013-03-08 827.53	42.3300	3.1200
2013-03-07 839.53	42.9500	3.1700
2013-03-06 861.91	44.1000	3.2600
2013-03-05 845.60	43.2600	3.2000
2013-03-01 842.69	43.0800	3.1900
2013-02-28 820.33	41.9300	3.1100
2013-02-27 805.75	41.1700	3.0500
2013-02-26 810.98	41.3900	3.0700
2013-02-25 816.94	41.7000	3.0900
2013-02-22 802.06	40.9400	3.0400
2013-02-21 802.91	40.9700	3.0400
2013-02-20 813.75	41.5100	3.0800
2013-02-19 788.15	40.1800	2.9800
2013-02-18 802.60	40.9300	3.0400
2013-02-08 791.84	40.3800	3.0000
2013-02-07 776.05	39.5600	2.9400
2013-02-06 765.25	38.9800	2.8900
2013-02-05 757.30	38.5700	2.8700
2013-02-04 747.88	38.0800	2.8300
2013-02-01 758.30	38.6200	2.8700
2013-01-31 753.08	38.3600	2.8500
2013-01-30 760.93	38.7600	2.8800
2013-01-29 767.75	39.1000	2.9100
2013-01-28 760.15	38.7100	2.8800
2013-01-25 739.41	37.6500	2.8000
2013-01-24 735.20	37.4400	2.7800
2013-01-23 756.78	38.5600	2.8600
2013-01-22 754.53	38.4300	2.8600
2013-01-21 775.04	39.4500	2.9300
2013-01-18 769.31	39.1500	2.9100
2013-01-17 754.53	38.3900	2.8500
2013-01-16 761.52	38.7500	2.8800
2013-01-15 768.32	39.1000	2.9100
2013-01-14 752.30	38.3300	2.8500
2013-01-11 723.40	36.8500	2.7400
2013-01-10 730.05	37.2200	2.7700
2013-01-09 723.74	36.9100	2.7400
2013-01-08 725.32	36.9700	2.7500
2013-01-07 711.82	36.3000	2.7000
2013-01-04 698.19	35.6100	2.6500
2012-12-31 701.10	35.7800	2.6600
2012-12-28 697.89	35.6200	2.6500
2012-12-27 689.25	35.1700	2.6200
2012-12-26 704.21	35.9400	2.6700
2012-12-25 685.30	34.9800	2.6000
2012-12-24 671.08	34.2500	2.5500
2012-12-21 659.17	33.6400	2.5000
2012-12-20 648.40	33.0700	2.4600
2012-12-19 640.85	32.6800	2.4300
2012-12-18 635.11	32.4000	2.4100
2012-12-17 638.06	32.5600	2.4200
2012-12-14 640.43	32.6900	2.4300
2012-12-13 616.68	31.4800	2.3400
2012-12-12 624.96	31.9000	2.3700
2012-12-11 624.39	31.8700	2.3700
2012-12-10 630.51	32.1800	2.3900
2012-12-07 619.63	31.6300	2.3500
2012-12-06 605.35	30.9000	2.3000
2012-12-05 605.93	30.9400	2.3000
2012-12-04 582.74	29.7500	2.2100
2012-12-03 575.38	29.3800	2.1900
2012-11-30 591.15	30.1800	2.2500
2012-11-29 586.64	29.9500	2.2300
2012-11-28 593.23	30.2900	2.2600
2012-11-27 603.86	30.8300	2.3000
2012-11-26 629.39	32.1200	2.3900
2012-11-23 641.50	32.7400	2.4400
2012-11-22 641.74	32.7600	2.4400
2012-11-21 648.59	33.1000	2.4700
2012-11-20 643.96	32.8700	2.4500
2012-11-19 643.94	32.8700	2.4500
2012-11-16 641.11	32.7300	2.4400
2012-11-15 643.40	32.8200	2.4500
2012-11-14 652.69	33.3000	2.4800
2012-11-13 652.21	33.2700	2.4800
2012-11-12 662.45	33.7900	2.5200
2012-11-09 657.72	33.5500	2.5000
2012-11-08 660.53	33.6800	2.5100
2012-11-07 675.64	34.4400	2.5700
2012-11-06 676.40	34.4800	2.5800
2012-11-05 678.78	34.6000	2.5800
2012-11-02 685.82	34.9600	2.6100
2012-11-01 685.19	34.9200	2.6100
2012-10-31 674.86	34.5300	2.5600
2012-10-30 672.59	34.4200	2.5500
2012-10-29 671.68	34.4000	2.5500
2012-10-26 669.63	34.3000	2.5400
2012-10-25 681.94	34.8900	2.6000
2012-10-24 690.22	35.3200	2.6400
2012-10-23 693.93	35.5400	2.6700
2012-10-22 705.80	36.1500	2.7300
2012-10-19 701.12	35.9200	2.7200
2012-10-18 702.39	35.9800	2.7200
2012-10-17 691.07	35.4000	2.6800
2012-10-16 687.13	35.2100	2.6700
2012-10-15 684.14	35.0900	2.6500
2012-10-12 693.58	35.5500	2.6900
2012-10-11 696.53	35.7000	2.7000
2012-10-10 710.13	36.3800	2.7500
2012-10-09 700.76	35.9100	2.7200
2012-10-08 678.78	34.7700	2.6300
2012-09-28 677.96	34.7300	2.6300
2012-09-27 665.52	34.0800	2.5800
2012-09-26 650.54	33.3000	2.5200
2012-09-25 671.57	34.3800	2.6000
2012-09-24 680.46	34.8300	2.6400
2012-09-21 679.00	34.7600	2.6300
2012-09-20 693.63	35.5100	2.6900
2012-09-19 717.94	36.7300	2.7800
2012-09-18 713.48	36.5000	2.7700
2012-09-17 712.63	36.4500	2.7600
2012-09-14 735.15	37.5800	2.8500
2012-09-13 739.46	37.8000	2.8700
2012-09-12 752.54	38.4700	2.9200
2012-09-11 752.00	38.4400	2.9200
2012-09-10 754.49	38.5800	2.9200
2012-09-07 748.45	38.2900	2.9000
2012-09-06 729.67	37.3300	2.8300
2012-09-05 721.17	36.9000	2.8000
2012-09-04 712.19	36.4600	2.7600
2012-09-03 712.37	36.5200	2.7600
2012-08-31 695.98	33.9100	2.7000
2012-08-30 691.39	33.6300	2.6800
2012-08-29 713.59	34.7000	2.7700
2012-08-28 711.33	34.6100	2.7600
2012-08-27 702.55	34.2000	2.7300
2012-08-24 714.92	34.8100	2.7800
2012-08-23 732.21	35.6200	2.8500
2012-08-22 726.20	35.3300	2.8200
2012-08-21 726.69	35.3200	2.8200
2012-08-20 708.30	34.4700	2.7600
2012-08-17 699.06	34.0200	2.7200
2012-08-16 699.38	34.0400	2.7300
2012-08-15 706.33	34.3900	2.7600
2012-08-14 713.90	34.7400	2.7900
2012-08-13 705.16	34.3900	2.7600
2012-08-10 719.04	35.0600	2.8100
2012-08-09 719.36	35.0700	2.8200
2012-08-08 705.76	34.4000	2.7600
2012-08-07 711.10	34.6900	2.7800
2012-08-06 706.53	34.4700	2.7600
2012-08-03 688.55	33.6100	2.7000
2012-08-02 668.78	32.6500	2.6200
2012-08-01 667.18	32.7100	2.6200
2012-07-31 655.01	32.1200	2.5700
2012-07-30 668.71	32.7900	2.6300
2012-07-27 685.09	33.5800	2.6900
2012-07-26 687.25	33.6800	2.7000
2012-07-25 690.96	33.8600	2.7200
2012-07-24 689.67	33.8100	2.7100
2012-07-23 685.32	33.6000	2.7000
2012-07-20 688.49	33.7400	2.7100
2012-07-19 690.95	33.8600	2.7200
2012-07-18 683.01	33.4700	2.6900
2012-07-17 677.95	33.2300	2.6700
2012-07-16 673.71	32.9700	2.6500
2012-07-13 708.14	34.6300	2.7800
2012-07-12 719.87	35.2000	2.8300
2012-07-11 707.53	34.5700	2.7800
2012-07-10 703.34	34.3400	2.7600
2012-07-09 716.29	34.9500	2.8000
2012-07-06 733.38	35.7900	2.8700
2012-07-05 723.02	35.2800	2.8300
2012-07-04 737.06	35.9000	2.8800
2012-07-03 742.27	36.1600	2.9000
2012-07-02 736.27	35.9000	2.8800
2012-06-29 721.96	35.2800	2.8300
2012-06-28 709.08	34.6500	2.7800
2012-06-27 717.66	35.0700	2.8100
2012-06-26 712.74	34.8400	2.7900
2012-06-25 715.55	34.9800	2.8000
2012-06-21 734.31	35.8800	2.8800
2012-06-20 744.99	36.4000	2.9200
2012-06-19 740.55	36.1700	2.9000
2012-06-18 743.37	36.3100	2.9100
2012-06-15 730.81	35.7000	2.8600
2012-06-14 728.27	35.5700	2.8500
2012-06-13 732.98	35.8000	2.8600
2012-06-12 720.56	35.1900	2.8200
2012-06-11 721.07	35.2300	2.8200
2012-06-08 700.80	34.2400	2.7400
2012-06-07 699.39	34.2000	2.7300
2012-06-06 702.09	34.3000	2.7400
2012-06-05 702.74	34.3300	2.7400
2012-06-04 704.20	34.4100	2.7400
2012-06-01 723.91	35.3700	2.8200
2012-05-31 724.20	35.4000	2.8200
2012-05-30 716.36	35.0300	2.7900
2012-05-29 710.48	34.7700	2.7700
2012-05-28 697.89	34.1600	2.7200
2012-05-25 694.15	33.9800	2.7000
2012-05-24 706.37	34.5800	2.7500
2012-05-23 708.14	34.6700	2.7500
2012-05-22 711.85	34.8500	2.7700
2012-05-21 702.29	34.3800	2.7300
2012-05-18 704.88	34.5100	2.7400
2012-05-17 714.71	35.1200	2.7700
2012-05-16 707.92	34.8000	2.7400
2012-05-15 717.77	35.2800	2.7700
2012-05-14 718.41	35.3100	2.7700
2012-05-11 720.44	35.4300	2.7800
2012-05-10 727.47	35.7800	2.8000
2012-05-09 719.82	35.3800	2.7700
2012-05-08 731.82	35.9800	2.8100
2012-05-07 731.03	35.9500	2.8100
2012-05-04 713.20	35.0700	2.7400
2012-05-03 698.67	34.3500	2.6800
2012-05-02 693.43	34.0900	2.6600
2012-04-27 684.89	36.7800	2.6200
2012-04-26 678.46	36.4400	2.6000
2012-04-25 682.74	36.6700	2.6300
2012-04-24 681.11	36.6000	2.6300
2012-04-23 691.90	37.2100	2.6900
2012-04-20 730.29	39.2600	2.8400
2012-04-19 725.23	38.9900	2.8300
2012-04-18 723.24	38.8900	2.8200
2012-04-17 708.18	38.0800	2.7600
2012-04-16 714.11	38.4200	2.7900
2012-04-13 717.59	38.5800	2.8000
2012-04-12 713.17	38.3400	2.7800
2012-04-11 699.18	37.5800	2.7300
2012-04-10 698.22	37.5700	2.7300
2012-04-09 690.26	37.1800	2.6900
2012-04-06 700.79	37.7400	2.7300
2012-04-05 696.23	37.4900	2.7200
2012-03-30 676.94	36.4700	2.6400
2012-03-29 682.66	36.7800	2.6700
2012-03-28 698.29	37.6200	2.7300
2012-03-27 736.73	39.6700	2.8800
2012-03-26 737.87	39.7400	2.8800
2012-03-23 738.85	39.8100	2.8900
2012-03-22 752.41	40.5700	2.9400
2012-03-21 752.95	40.6100	2.9400
2012-03-20 756.78	40.8100	2.9500
2012-03-19 782.02	42.1900	3.0600
2012-03-16 769.41	41.5000	3.0100
2012-03-15 751.40	40.5500	2.9400
2012-03-14 758.74	40.9800	2.9700
2012-03-13 794.27	42.9900	3.1300
2012-03-12 787.10	42.6000	3.1000
2012-03-09 779.60	42.2000	3.0700
2012-03-08 763.25	41.3000	3.0100
2012-03-07 752.01	40.6900	2.9700
2012-03-06 752.72	40.7500	2.9700
2012-03-05 760.96	41.2100	3.0000
2012-03-02 758.90	41.0900	2.9900
2012-03-01 744.24	40.3000	2.9400
2012-02-29 737.27	39.9200	2.9100
2012-02-28 751.15	40.6800	2.9700
2012-02-27 761.65	41.2600	3.0100
2012-02-24 762.75	41.3100	3.0200
2012-02-23 756.67	41.0100	3.0000
2012-02-22 755.62	40.9400	2.9900
2012-02-21 732.86	39.7000	2.9000
2012-02-20 717.10	38.8600	2.8400
2012-02-17 713.48	38.6600	2.8200
2012-02-16 717.63	38.8900	2.8400
2012-02-15 720.13	39.0000	2.8500
2012-02-14 707.54	38.3200	2.8000
2012-02-13 709.80	38.4400	2.8100
2012-02-10 694.45	37.6100	2.7500
2012-02-09 693.08	37.5400	2.7400
2012-02-08 687.52	37.2400	2.7200
2012-02-07 669.50	36.2600	2.6500
2012-02-06 682.08	36.9500	2.7000
2012-02-03 675.47	36.5900	2.6700
2012-02-02 660.08	35.7400	2.6100
2012-02-01 646.31	34.9500	2.5600
2012-01-31 644.61	34.8300	2.5500
2012-01-30 647.42	34.9700	2.5700
2012-01-20 642.24	34.6900	2.5400
2012-01-19 630.05	34.0300	2.5000
2012-01-18 621.78	33.5700	2.4600
2012-01-17 660.09	35.6400	2.6200
2012-01-16 630.40	34.0900	2.5000
2012-01-13 663.12	35.8400	2.6300
2012-01-12 705.85	38.1000	2.8000
2012-01-11 714.87	38.6400	2.8400
2012-01-10 713.22	38.5600	2.8400
2012-01-09 689.13	37.2700	2.7400
2012-01-06 664.45	35.9800	2.6400
2012-01-05 663.11	35.8900	2.6400
2012-01-04 702.46	38.0100	2.8000
2011-12-30 725.69	39.2800	2.8900
2011-12-29 712.86	38.6000	2.8400
2011-12-28 713.85	38.6400	2.8400
2011-12-27 723.90	39.1900	2.8800
2011-12-26 751.95	40.8100	3.0000
2011-12-23 760.93	41.3200	3.0300
2011-12-22 757.68	41.1400	3.0200
2011-12-21 764.02	41.4900	3.0500
2011-12-20 783.29	42.5200	3.1200
2011-12-19 795.08	43.1700	3.1700
2011-12-16 781.26	42.4000	3.1100
2011-12-15 750.71	40.7500	2.9900
2011-12-14 759.75	41.2500	3.0300
2011-12-13 772.79	41.9500	3.0800
2011-12-12 795.30	43.1800	3.1700
2011-12-09 803.12	43.6100	3.2000
2011-12-08 811.82	44.0900	3.2400
2011-12-07 803.96	43.6800	3.2000
2011-12-06 798.51	43.3800	3.1800
2011-12-05 789.85	42.9100	3.1500
2011-12-02 826.15	44.8800	3.2900
2011-12-01 848.89	46.1200	3.3800
2011-11-30 832.05	45.2100	3.3200
2011-11-29 876.65	47.5800	3.5000
2011-11-28 864.41	46.9200	3.4500
2011-11-25 862.85	46.8400	3.4400
2011-11-24 869.69	47.2100	3.4700
2011-11-23 866.73	47.0400	3.4600
2011-11-22 868.15	47.1300	3.4600
2011-11-21 864.39	46.9900	3.4500
2011-11-18 873.38	47.4900	3.4800
2011-11-17 900.74	48.9600	3.5900
2011-11-16 891.02	48.4300	3.5500
2011-11-15 918.66	49.9200	3.6700
2011-11-14 914.63	49.6900	3.6500
2011-11-11 888.24	48.2500	3.5400
2011-11-10 890.87	48.4000	3.5600
2011-11-09 887.32	48.2100	3.5400
2011-11-08 860.49	46.6500	3.4300
2011-11-07 876.17	47.4900	3.4900
2011-11-04 877.18	47.5500	3.5000
2011-11-03 872.57	47.2800	3.4800
2011-11-02 876.71	47.4900	3.4900
2011-11-01 849.17	45.9500	3.3700
2011-10-31 847.41	45.8500	3.3700
2011-10-28 829.40	44.8700	3.3000
2011-10-27 807.63	43.7000	3.2100
2011-10-26 807.81	43.7300	3.2200
2011-10-25 795.31	43.0600	3.1800
2011-10-24 770.56	41.7200	3.1000
2011-10-21 760.83	41.1900	3.0700
2011-10-20 779.32	42.1900	3.1600
2011-10-19 804.39	43.5600	3.2700
2011-10-18 807.91	43.7400	3.2900
2011-10-17 834.11	45.1700	3.4000
2011-10-14 828.39	44.8600	3.3800
2011-10-13 830.07	44.9500	3.3800
2011-10-12 813.69	44.0700	3.3200
2011-10-11 783.86	42.4500	3.1900
2011-10-10 787.40	42.7400	3.2100
2011-09-30 788.68	42.7800	3.2100
2011-09-29 789.76	42.8500	3.2100
2011-09-28 814.09	44.1500	3.3100
2011-09-27 827.93	44.9000	3.3700
2011-09-26 825.63	44.7600	3.3600
2011-09-23 838.85	45.4700	3.4100
2011-09-22 846.37	45.9000	3.4500
2011-09-21 875.33	47.4900	3.5600
2011-09-20 850.21	46.1300	3.4600
2011-09-19 847.50	46.0300	3.4500
2011-09-16 869.96	47.2400	3.5400
2011-09-15 873.25	47.4100	3.5500
2011-09-14 873.58	47.4400	3.5500
2011-09-13 858.66	46.6100	3.4900
2011-09-09 877.44	47.6300	3.5700
2011-09-08 887.64	48.1900	3.6100
2011-09-07 898.82	48.8000	3.6500
2011-09-06 874.63	47.4800	3.5600
2011-09-05 887.63	48.1600	3.6100
2011-09-02 910.89	49.4600	3.7100
2011-09-01 918.36	49.9400	3.7300
2011-08-31 922.77	52.6200	3.7500
2011-08-30 934.00	53.2700	3.8000
2011-08-29 956.18	54.5100	3.8900
2011-08-26 956.18	54.4700	3.8800
2011-08-25 943.71	53.6900	3.8300
2011-08-24 942.24	53.6100	3.8600
2011-08-23 938.74	53.4100	3.8500
2011-08-22 910.44	51.8000	3.7300
2011-08-19 908.20	51.6800	3.7200
2011-08-18 910.49	51.8300	3.7300
2011-08-17 930.13	52.9500	3.8200
2011-08-16 926.12	52.6600	3.8000
2011-08-15 933.98	53.1100	3.8500
2011-08-12 918.00	52.1900	3.7800
2011-08-10 885.08	50.3200	3.6500
2011-08-09 872.03	49.3000	3.5800
2011-08-08 871.73	49.3000	3.5900
2011-08-05 912.96	51.6400	3.7600
2011-08-04 930.75	52.6500	3.8400
2011-08-03 938.58	53.0900	3.8700
2011-08-02 926.87	52.4300	3.8200
2011-08-01 921.15	52.1000	3.8000
2011-07-29 906.29	51.2000	3.7400
2011-07-28 914.24	51.6400	3.7800
2011-07-27 909.04	51.3500	3.7700
2011-07-26 885.01	49.9900	3.6700
2011-07-25 879.82	49.7000	3.6500
2011-07-22 914.12	51.6300	3.8000
2011-07-21 906.08	51.1800	3.7800
2011-07-20 919.40	51.9300	3.8300
2011-07-19 915.61	51.7000	3.8200
2011-07-18 933.36	52.7700	3.8900
2011-07-15 938.23	53.0300	3.9100
2011-07-14 921.87	52.1000	3.8400
2011-07-13 901.37	50.9400	3.7500
2011-07-12 879.46	49.6800	3.6600
2011-07-11 893.74	50.4700	3.7200
2011-07-08 886.53	50.0800	3.6900
2011-07-07 891.60	50.3500	3.7100
2011-07-06 884.05	49.9300	3.6800
2011-07-05 873.30	49.4600	3.6300
2011-07-04 866.15	49.0500	3.6000
2011-07-01 846.22	47.9200	3.5200
2011-06-30 837.71	47.4400	3.4900
2011-06-29 828.69	46.9500	3.4500
2011-06-28 837.77	47.6400	3.4900
2011-06-27 837.20	47.6000	3.4900
2011-06-24 826.06	46.9600	3.4400
2011-06-23 808.71	45.9800	3.3700
2011-06-22 785.58	44.6900	3.2800
2011-06-21 789.74	44.9900	3.3000
2011-06-20 784.94	44.7200	3.2800
2011-06-17 794.32	45.2600	3.3200
2011-06-16 802.33	45.7200	3.3500
2011-06-15 818.23	46.5700	3.4100
2011-06-14 827.98	47.1000	3.4500
2011-06-13 819.48	46.6200	3.4200
2011-06-10 814.44	46.3300	3.4000
2011-06-09 817.63	46.5100	3.4200
2011-06-08 834.21	47.5000	3.4900
2011-06-07 837.27	47.8700	3.5000
2011-06-03 836.13	47.7700	3.4900
2011-06-02 822.41	46.9900	3.4300
2011-06-01 837.93	47.8800	3.5000
2011-05-31 832.27	47.6300	3.4700
2011-05-30 819.95	46.9200	3.4300
2011-05-27 811.09	46.4500	3.4000
2011-05-26 819.40	46.9000	3.4400
2011-05-25 832.01	47.6700	3.4900
2011-05-24 859.71	49.4100	3.6100
2011-05-23 834.18	47.9500	3.5100
2011-05-20 867.56	49.8700	3.6400
2011-05-19 877.00	50.4100	3.6800
2011-05-18 883.17	50.7500	3.7000
2011-05-17 887.14	51.0200	3.7200
2011-05-16 896.92	51.6200	3.7600
2011-05-13 899.15	51.7400	3.7700
2011-05-12 898.24	51.6800	3.7600
2011-05-11 917.06	52.8400	3.8500
2011-05-10 916.82	52.8200	3.8400
2011-05-09 915.31	52.6900	3.8400
2011-05-06 904.45	52.2100	3.8000
2011-05-05 900.75	52.0200	3.7800
2011-05-04 891.23	51.4600	3.7500
2011-05-03 909.20	52.5500	3.8300
2011-04-29 900.20	62.3000	3.7900
2011-04-28 892.76	61.7700	3.7800
2011-04-27 926.74	64.1000	3.9300
2011-04-26 943.13	65.1700	4.0100
2011-04-25 961.46	66.4400	4.1000
2011-04-22 988.45	68.3700	4.3600
2011-04-21 994.62	68.6000	4.4200
2011-04-20 991.57	68.3000	4.4300
2011-04-19 981.14	67.5000	4.3700
2011-04-18 989.59	68.1200	4.4100
2011-04-15 993.84	68.4600	4.4500
2011-04-14 1000.85	68.9600	4.4700
2011-04-13 1006.08	69.3300	4.5100
2011-04-12 987.61	68.0600	4.3900
2011-04-11 991.50	68.3700	4.4000
2011-04-08 1007.74	69.4800	4.4800
2011-04-07 994.65	68.5700	4.4100
2011-04-06 985.68	68.0200	4.3400
2011-04-01 1004.10	69.3000	4.4200
2011-03-31 996.27	68.7700	4.3800
2011-03-30 994.46	68.7500	4.3700
2011-03-29 1010.32	69.7700	4.4100
2011-03-28 1043.68	72.4300	4.5300
2011-03-25 1061.31	73.6200	4.6200
2011-03-24 1065.18	73.9100	4.6100
2011-03-23 1064.04	73.8400	4.5800
2011-03-22 1053.83	73.1000	4.5500
2011-03-21 1058.52	73.3800	4.5600
2011-03-18 1066.63	73.9800	4.5800
2011-03-17 1061.69	73.6500	4.5600
2011-03-16 1084.61	75.3000	4.6600
2011-03-15 1077.83	74.8400	4.6400
2011-03-14 1090.79	75.5600	4.7200
2011-03-11 1083.40	74.9700	4.6900
2011-03-10 1075.88	74.4400	4.6700
2011-03-09 1069.68	73.9900	4.6300
2011-03-08 1067.14	73.8200	4.6200
2011-03-07 1060.24	73.3400	4.6000
2011-03-04 1054.06	72.9100	4.5700
2011-03-03 1045.91	72.3500	4.5300
2011-03-02 1068.81	73.9800	4.6400
2011-03-01 1076.99	74.5500	4.6700
2011-02-28 1078.72	75.1300	4.7000
2011-02-25 1073.80	74.7900	4.6800
2011-02-24 1078.97	75.1800	4.7100
2011-02-23 1089.58	75.9300	4.7600
2011-02-22 1067.86	74.3800	4.6600
2011-02-21 1098.34	76.5200	4.8300
2011-02-18 1079.81	75.2400	4.7500
2011-02-17 1090.79	76.0300	4.8000
2011-02-16 1086.25	75.7100	4.7800
2011-02-15 1066.06	74.2800	4.7000
2011-02-14 1067.17	74.7300	4.7200
2011-02-11 1052.57	73.7000	4.6600
2011-02-10 1042.80	73.0300	4.6100
2011-02-09 1004.02	70.3600	4.4400
2011-02-01 1015.43	71.1600	4.4900
2011-01-31 1014.84	71.1200	4.5200
2011-01-28 1005.98	70.5300	4.4800
2011-01-27 998.02	69.9900	4.4500
2011-01-26 981.57	68.8900	4.3800
2011-01-25 965.65	67.7800	4.3000
2011-01-24 979.29	68.8200	4.3600
2011-01-21 1011.88	71.2300	4.5100
2011-01-20 1009.03	71.1000	4.5000
2011-01-19 1039.37	73.3000	4.6600
2011-01-18 1017.54	71.7600	4.5600
2011-01-17 1020.12	71.9800	4.5700
2011-01-14 1059.71	74.6800	4.7500
2011-01-13 1085.47	76.7800	4.9200
2011-01-12 1082.85	76.6200	4.8900
2011-01-11 1074.01	75.9700	4.8500
2011-01-10 1089.12	77.0000	4.9300
2011-01-07 1122.78	79.3800	5.0800
2011-01-06 1133.88	80.1400	5.1300
2011-01-05 1150.99	81.4300	5.2300
2011-01-04 1150.36	81.4000	5.2300
2010-12-31 1130.71	79.3100	5.2300
2010-12-30 1109.27	77.7900	5.1300
2010-12-29 1105.57	77.5300	5.1100
2010-12-28 1082.46	75.9900	5.0200
2010-12-27 1098.69	77.1700	5.0800
2010-12-24 1136.25	79.7900	5.2900
2010-12-23 1167.88	82.0200	5.4400
2010-12-22 1194.69	83.9000	5.5600
2010-12-21 1208.34	84.8700	5.6400
2010-12-20 1206.20	84.7000	5.6300
2010-12-17 1221.68	85.8100	5.7000
2010-12-16 1211.20	85.1200	5.6600
2010-12-15 1199.72	84.4000	5.6400
2010-12-14 1205.71	84.8200	5.6700
2010-12-13 1196.39	84.1800	5.6200
2010-12-10 1155.29	81.2800	5.4300
2010-12-09 1131.99	79.6400	5.3200
2010-12-08 1146.79	80.6800	5.3900
2010-12-07 1148.94	80.8100	5.4000
2010-12-06 1125.19	79.1300	5.2900
2010-12-03 1148.75	80.7700	5.4000
2010-12-02 1168.60	82.1800	5.4900
2010-12-01 1168.15	82.2500	5.5000
2010-11-30 1174.74	82.7200	5.5300
2010-11-29 1216.11	85.6200	5.7200
2010-11-26 1198.79	84.4200	5.6400
2010-11-25 1189.62	83.7800	5.6000
2010-11-24 1210.99	85.3200	5.7000
2010-11-23 1183.65	83.3900	5.5700
2010-11-22 1175.53	82.8100	5.5300
2010-11-19 1158.05	81.4800	5.4500
2010-11-18 1109.32	77.6200	5.2200
2010-11-17 1091.10	76.3400	5.1300
2010-11-16 1132.41	79.2400	5.3300
2010-11-15 1152.61	80.6600	5.4200
2010-11-12 1086.98	76.0500	5.1100
2010-11-11 1136.87	79.5500	5.3500
2010-11-10 1145.69	80.1700	5.3900
2010-11-09 1117.21	78.1500	5.2600
2010-11-08 1108.31	77.5200	5.2100
2010-11-05 1072.68	75.0300	5.0400
2010-11-04 1059.57	74.1100	4.9800
2010-11-03 1043.17	72.9500	4.9000
2010-11-02 1080.79	75.6100	5.0800
2010-11-01 1116.27	78.7300	5.2800
2010-10-29 1072.61	74.8300	4.8400
2010-10-28 1045.41	72.9500	4.7100
2010-10-27 1036.29	72.3300	4.6500
2010-10-26 1040.29	72.6200	4.7400
2010-10-25 1044.92	73.5700	4.8000
2010-10-22 1016.99	71.5900	4.7000
2010-10-21 994.62	70.0400	4.6100
2010-10-20 1002.00	70.5500	4.6400
2010-10-19 994.59	70.3500	4.6600
2010-10-18 933.97	66.0500	4.3800
2010-10-15 946.01	66.8600	4.4400
2010-10-14 961.36	67.9400	4.5100
2010-10-13 967.21	68.3400	4.5400
2010-10-12 957.24	67.6100	4.4900
2010-10-11 953.53	67.3500	4.4400
2010-10-08 966.27	68.3000	4.5000
2010-09-30 947.53	67.0100	4.4000
2010-09-29 930.44	65.8100	4.3200
2010-09-28 946.67	67.1700	4.4100
2010-09-27 955.75	67.8100	4.4500
2010-09-21 939.81	66.9400	4.3900
2010-09-20 955.33	68.0200	4.4600
2010-09-17 978.05	69.6300	4.5700
2010-09-16 979.99	69.7500	4.5800
2010-09-15 998.20	71.0500	4.6600
2010-09-14 1042.65	74.2200	4.8700
2010-09-13 1051.85	74.8800	4.9100
2010-09-10 1044.27	74.3500	4.8800
2010-09-09 1035.10	73.7000	4.8300
2010-09-08 1038.93	74.5900	4.8800
2010-09-07 1036.20	74.4200	4.8700
2010-09-06 1022.76	73.4700	4.8000
2010-09-03 1049.36	75.3500	4.9300
2010-09-02 1026.08	73.4000	4.7800
2010-09-01 1005.24	71.9700	4.6900
2010-08-31 1034.35	73.5700	4.8200
2010-08-30 1033.64	73.5200	4.8200
2010-08-27 1007.83	71.6800	4.7000
2010-08-26 989.12	69.8800	4.6000
2010-08-25 985.66	69.7100	4.5900
2010-08-24 1014.73	71.7600	4.6800
2010-08-23 1005.46	71.1100	4.6400
2010-08-20 1006.24	71.1600	4.6800
2010-08-19 1035.24	73.4700	4.8600
2010-08-18 1036.33	73.1000	4.8600
2010-08-17 1043.07	73.5800	4.9000
2010-08-16 1039.34	73.3200	4.8700
2010-08-13 1016.47	71.7000	4.7700
2010-08-12 1001.04	70.3800	4.6800
2010-08-11 1014.02	71.2900	4.7400
2010-08-10 1003.28	70.5400	4.6900
2010-08-09 1042.16	73.2700	5.0000
2010-08-06 1020.86	71.7700	4.9000
2010-08-05 996.84	70.0900	4.7600
2010-08-04 987.95	69.4600	4.7200
2010-08-03 984.66	69.5600	4.7200
2010-08-02 1003.42	70.8900	4.8100
2010-07-30 977.38	68.8500	4.6800
2010-07-29 984.38	69.3500	4.7400
2010-07-28 981.53	69.1500	4.7300
2010-07-27 966.83	68.1200	4.6700
2010-07-26 975.09	68.6300	4.7100
2010-07-23 969.47	68.2300	4.6900
2010-07-22 958.99	67.5400	4.6300
2010-07-21 949.95	66.9000	4.5900
2010-07-20 945.80	66.5800	4.5500
2010-07-19 916.79	64.5400	4.4100
2010-07-16 901.05	63.4300	4.3400
2010-07-15 901.45	63.4700	4.3400
2010-07-14 932.20	66.1100	4.5300
2010-07-13 941.01	66.7400	4.5700
2010-07-12 940.09	66.6700	4.5700
2010-07-09 942.08	66.8100	4.5800
2010-07-08 915.05	64.9000	4.5300
2010-07-07 918.47	65.1500	4.5500
2010-07-06 903.03	64.0500	4.4700
2010-07-05 871.89	61.8400	4.3200
2010-07-02 883.26	62.6500	4.3700
2010-07-01 892.38	63.8900	4.4900
2010-06-30 929.93	66.5800	4.6800
2010-06-29 923.86	66.1400	4.6400
2010-06-28 999.24	71.5400	5.0200
2010-06-25 1028.03	73.7300	5.1900
2010-06-24 1062.72	76.2200	5.3600
2010-06-23 1059.42	75.9900	5.3400
2010-06-22 1046.94	75.0900	5.2800
2010-06-21 1052.82	75.5200	5.3100
2010-06-18 1011.63	72.4800	5.0800
2010-06-17 1076.92	77.1600	5.4100
2010-06-11 1134.92	81.3200	5.6800
2010-06-10 1130.04	80.9800	5.6600
2010-06-09 1089.84	78.1000	5.4500
2010-06-08 1079.05	77.3300	5.4000
2010-06-07 1081.16	77.4800	5.4100
2010-06-04 1039.35	74.4900	5.2000
2010-06-03 1010.07	72.3900	5.0500
2010-06-02 1009.32	72.3400	5.0500
2010-06-01 985.78	71.2200	5.0000
2010-05-31 1014.40	73.2800	5.1500
2010-05-28 1047.47	75.6700	5.3200
2010-05-27 1041.26	75.2300	5.2800
2010-05-26 998.95	73.3900	5.2000
2010-05-25 1006.94	73.8900	5.2500
2010-05-24 1015.16	74.5000	5.2900
2010-05-21 971.52	71.3000	5.0600
2010-05-20 929.22	68.1900	4.8400
2010-05-19 946.95	69.5000	4.9300
2010-05-18 913.33	67.0500	4.7500
2010-05-17 907.43	66.6400	4.7200
2010-05-14 955.56	70.1800	4.9700
2010-05-13 954.31	70.0900	4.9600
2010-05-12 939.21	69.0000	4.8800
2010-05-11 947.69	69.6300	4.9200
2010-05-10 981.19	72.1000	5.1000
2010-05-07 1032.84	74.4700	5.4300
2010-05-06 1055.55	76.1200	5.5400
2010-05-05 1094.20	78.9000	5.7500
2010-05-04 1053.55	75.2600	5.5600
2010-04-30 1045.25	84.0700	5.5100
2010-04-29 1061.60	85.4900	5.5500
2010-04-28 1090.63	87.9300	5.6700
2010-04-27 1123.32	90.6000	6.0500
2010-04-26 1153.85	92.8700	6.5200
2010-04-23 1193.89	95.8000	6.8100
2010-04-22 1217.44	97.9100	7.1000
2010-04-21 1187.50	95.3800	6.9200
2010-04-20 1146.90	92.1100	6.8000
2010-04-19 1172.56	94.5000	6.9200
2010-04-16 1182.71	95.4200	6.9700
2010-04-15 1151.13	92.4600	6.7800
2010-04-14 1227.68	99.0400	7.1100
2010-04-13 1230.16	99.2700	7.1200
2010-04-12 1333.63	108.0100	7.7300
2010-04-09 1300.56	104.5200	7.5400
2010-04-08 1250.45	100.1000	7.0500
2010-04-07 1284.12	102.7200	7.1700
2010-04-06 1257.78	100.6500	7.0300
2010-04-02 1212.72	97.1400	6.7800
2010-04-01 1217.58	97.4700	6.9200
2010-03-31 1219.62	97.5500	6.9300
2010-03-30 1186.28	95.2100	6.5900
2010-03-29 1160.08	93.1800	6.3000
2010-03-26 1157.89	93.5500	6.1400
2010-03-25 1188.10	95.9200	6.2900
2010-03-24 1144.58	92.3000	6.1000
2010-03-23 1124.10	90.5900	6.0000
2010-03-22 1100.22	88.3400	5.8800
2010-03-19 1082.22	86.6500	5.7100
2010-03-18 1079.00	86.4500	5.6900
2010-03-17 1077.50	86.6400	5.7200
2010-03-16 1047.52	84.1300	5.5600
2010-03-15 1062.44	85.3600	5.6200
2010-03-12 1049.28	84.2900	5.5600
2010-03-11 1050.76	84.4500	5.5600
2010-03-10 1023.58	82.3300	5.4200
2010-03-09 1035.81	83.1900	5.4900
2010-03-08 1032.28	83.0900	5.4700
2010-03-05 1009.03	81.1600	5.3500
2010-03-04 986.60	79.3200	5.2900
2010-03-03 1023.47	82.1900	5.4900
2010-03-02 1039.27	83.6000	5.5700
2010-03-01 1032.38	83.0100	5.5300
2010-02-26 1016.36	81.7700	5.4500
2010-02-25 1018.65	81.7800	5.4800
2010-02-24 1006.94	80.8300	5.4200
2010-02-23 966.60	77.5300	5.2000
2010-02-22 943.88	75.5700	5.0800
2010-02-12 959.07	76.7500	5.1600
2010-02-11 934.05	74.7500	5.0300
2010-02-10 922.46	73.7300	4.9600
2010-02-09 881.45	70.3300	4.7500
2010-02-08 887.00	70.6600	4.7800
2010-02-05 869.08	69.0900	4.6800
2010-02-04 857.19	68.0400	4.6200
2010-02-03 858.03	68.0500	4.6200
2010-02-02 871.49	68.7500	4.6900
2010-02-01 875.72	69.1900	4.7100
2010-01-29 909.03	72.1200	4.8000
2010-01-28 902.67	71.6400	4.7700
2010-01-27 913.71	72.5700	4.8300
2010-01-26 918.77	73.6300	5.0900
2010-01-25 918.24	73.4200	5.0900
2010-01-22 934.37	74.6100	5.1800
2010-01-21 982.81	78.4300	5.4500
2010-01-20 977.31	77.9800	5.4200
2010-01-19 1035.67	82.6500	5.7400
2010-01-18 1055.66	84.3000	5.8500
2010-01-15 1056.97	84.2800	5.8600
2010-01-14 1063.29	85.6400	6.2400
2010-01-13 1015.32	81.7600	5.9600
2010-01-12 1010.32	81.2700	5.9300
2010-01-11 988.40	79.4900	5.8000
2010-01-08 977.90	78.5100	5.7400
2010-01-07 1007.97	80.8200	5.9100
2010-01-06 1026.04	82.3500	6.0200
2010-01-05 1043.77	83.7200	6.1200
2010-01-04 1041.41	83.4400	6.1100
2009-12-31 1037.58	82.8300	6.4400
2009-12-30 1035.66	82.6800	6.4300
2009-12-29 1019.12	81.3600	6.3300
2009-12-28 1028.25	82.0900	6.3800
2009-12-25 1024.18	81.7600	6.3600
2009-12-24 1059.63	84.5900	6.5800
2009-12-23 1042.30	83.2100	6.4700
2009-12-22 1011.24	80.7300	6.2800
2009-12-21 1063.87	84.9300	6.6000
2009-12-18 1055.80	84.2900	6.5500
2009-12-17 1041.26	83.1300	6.4600
2009-12-16 1103.76	88.1200	6.8500
2009-12-15 1148.20	91.6700	7.1300
2009-12-14 1138.28	90.8700	7.0700
2009-12-11 1157.05	92.3700	7.1800
2009-12-10 1205.59	96.2500	7.4800
2009-12-09 1224.68	97.7700	7.6000
2009-12-08 1220.01	97.4000	7.5700
2009-12-07 1188.94	94.9200	7.3800
2009-12-04 1176.50	93.9200	7.3000
2009-12-03 1276.81	101.9300	7.9300
2009-12-02 1212.48	96.7900	7.5300
2009-12-01 1153.76	92.1100	7.1600
2009-11-30 1146.65	91.5400	7.1200
2009-11-27 1140.83	91.0700	7.0800
2009-11-26 1120.78	89.4700	6.9600
2009-11-25 1108.51	88.4900	6.8800
2009-11-24 1043.64	83.3200	6.4800
2009-11-23 1123.14	89.6600	6.9700
2009-11-20 1100.56	87.8600	6.8300
2009-11-19 1103.19	88.0700	6.8500
2009-11-18 1038.58	82.9100	6.4500
2009-11-17 1001.28	79.9300	6.2100
2009-11-16 1002.29	80.0100	6.2200
2009-11-13 1000.54	79.8700	6.2100
2009-11-12 950.07	75.8400	5.9000
2009-11-11 932.09	74.4100	5.7900
2009-11-10 924.44	73.8000	5.7400
2009-11-09 954.65	76.2100	5.9300
2009-11-06 970.07	77.4400	6.0200








































































































































































































































































































































































































































































































































































































































































































































































































































































































































































































































































































































































































































































































































































































































































































































































































































































































































































































































































































































































































































































































































































































































































































































































































































































			