发布日期	收盘指数	市盈率(倍)	市净率(倍)
2016-03-01 6247.21	43.6600	3.8300
2016-02-29 6106.07	42.6600	3.7400
2016-02-26 6471.23	45.1900	3.9600
2016-02-25 6482.78	45.2500	3.9800
2016-02-24 7016.02	48.9900	4.3000
2016-02-23 7023.68	49.0400	4.3100
2016-02-22 7056.57	49.2700	4.3300
2016-02-19 6911.09	48.2800	4.2400
2016-02-18 6870.88	48.0000	4.2200
2016-02-17 6894.34	48.1600	4.2300
2016-02-16 6796.52	47.4600	4.1700
2016-02-15 6525.33	45.5900	4.0000
2016-02-05 6514.78	45.5200	4.0000
2016-02-04 6583.71	46.0200	4.0500
2016-02-03 6449.23	45.0500	3.9700
2016-02-02 6414.68	44.8000	3.9500
2016-02-01 6195.67	43.2400	3.8100
2016-01-29 6270.22	43.7100	3.8600
2016-01-28 6041.12	42.0800	3.7200
2016-01-27 6322.28	44.0300	3.8900
2016-01-26 6396.65	44.5400	3.9300
2016-01-25 6894.09	47.8600	4.2200
2016-01-22 6818.69	47.3100	4.1800
2016-01-21 6726.01	46.6400	4.1200
2016-01-20 7014.54	48.6300	4.3000
2016-01-19 7071.63	48.9700	4.3400
2016-01-18 6813.57	47.1800	4.1900
2016-01-15 6671.79	46.1900	4.1000
2016-01-14 6902.50	47.8100	4.2400
2016-01-13 6654.73	46.0900	4.0900
2016-01-12 6906.76	47.8300	4.2400
2016-01-11 6896.67	47.6800	4.2400
2016-01-08 7400.15	51.1400	4.5500
2016-01-07 7335.25	50.6600	4.5100
2016-01-06 8007.23	55.3300	4.9300
2016-01-05 7811.25	53.9400	4.8100
2016-01-04 7979.45	55.0600	4.9200
2015-12-31 8712.18	60.1300	5.3800
2015-12-30 8874.64	61.7600	5.5000
2015-12-29 8781.90	61.0700	5.4400
2015-12-28 8679.55	60.0800	5.3900
2015-12-25 8845.95	61.2400	5.5000
2015-12-24 8769.12	60.6000	5.4500
2015-12-23 8780.49	60.6700	5.4600
2015-12-22 8892.32	61.4100	5.5300
2015-12-21 8806.96	60.8200	5.4800
2015-12-18 8762.16	60.4200	5.4400
2015-12-17 8790.47	60.5300	5.4800
2015-12-16 8570.45	58.9800	5.3400
2015-12-15 8496.95	58.4700	5.3000
2015-12-14 8377.34	57.5300	5.2300
2015-12-11 8217.86	56.4800	5.1400
2015-12-10 8287.76	56.9000	5.1900
2015-12-09 8300.46	56.9800	5.2100
2015-12-08 8319.49	57.0700	5.2200
2015-12-07 8471.04	58.1300	5.3200
2015-12-04 8358.66	57.3600	5.2500
2015-12-03 8386.98	57.6200	5.2700
2015-12-02 8162.56	56.0700	5.1200
2015-12-01 8236.52	56.5500	5.1700
2015-11-30 8272.39	56.8300	5.2000
2015-11-26 8739.17	60.0600	5.5000
2015-11-25 8810.67	60.5700	5.5400
2015-11-24 8629.41	59.3700	5.4300
2015-11-23 8523.62	58.6700	5.3700
2015-11-20 8578.94	59.0600	5.4000
2015-11-19 8445.66	58.1700	5.3200
2015-11-18 8174.57	56.1400	5.1600
2015-11-17 8329.93	57.1500	5.2600
2015-11-16 8398.78	57.5900	5.3100
2015-11-13 8199.11	56.1900	5.1900
2015-11-12 8372.75	57.3900	5.3000
2015-11-11 8337.60	57.1200	5.2800
2015-11-10 8183.55	56.0400	5.1900
2015-11-09 8101.47	55.4800	5.1400
2015-11-06 7944.75	54.3800	5.0400
2015-11-05 7736.40	52.9000	4.9100
2015-11-04 7751.52	53.0000	4.9200
2015-11-03 7371.98	50.3500	4.6800
2015-11-02 7376.02	50.3700	4.6800
2015-10-30 7548.80	51.5400	4.8000
2015-10-29 7547.72	51.5400	4.8100
2015-10-28 7495.03	51.1900	4.7800
2015-10-27 7668.82	52.4000	4.9100
2015-10-26 7622.72	52.1100	4.8900
2015-10-23 7539.68	51.5400	4.8700
2015-10-22 7336.02	50.1600	4.7400
2015-10-21 7068.22	48.3500	4.5700
2015-10-20 7521.88	51.4800	4.8700
2015-10-19 7367.08	50.3800	4.7800
2015-10-15 7271.23	49.7500	4.7200
2015-10-14 7050.89	48.2200	4.5800
2015-10-13 7132.80	48.7800	4.6300
2015-10-12 7044.53	48.1900	4.5700
2015-10-09 6756.61	46.2000	4.3900
2015-10-08 6656.15	45.4800	4.3200
2015-09-30 6396.47	43.7000	4.1500
2015-09-29 6368.00	43.5000	4.1400
2015-09-28 6457.00	44.1100	4.1900
2015-09-25 6316.87	43.1500	4.1100
2015-09-24 6530.98	44.6400	4.2500
2015-09-23 6444.97	44.0500	4.2000
2015-09-22 6489.69	44.3700	4.2300
2015-09-21 6436.69	44.0100	4.1900
2015-09-18 6199.01	42.3100	4.0400
2015-09-17 6133.75	41.8500	4.0000
2015-09-16 6230.03	42.4900	4.0600
2015-09-15 5852.53	39.9100	3.8200
2015-09-14 6167.59	42.0700	4.0200
2015-09-11 6620.26	45.1900	4.3200
2015-09-10 6578.26	44.9100	4.2900
2015-09-09 6683.23	45.6600	4.3700
2015-09-08 6464.22	44.1800	4.2300
2015-09-07 6223.15	42.5000	4.0700
2015-09-01 6327.41	43.1000	4.1400
2015-08-31 6682.60	51.8100	4.3900
2015-08-28 6913.66	53.6100	4.5400
2015-08-27 6554.53	50.7800	4.3300
2015-08-26 6352.65	49.2000	4.1900
2015-08-25 6560.87	50.7700	4.3400
2015-08-24 7062.86	54.6800	4.6800
2015-08-21 7637.78	59.1900	5.0800
2015-08-20 8071.65	62.5600	5.3800
2015-08-19 8319.04	64.4600	5.5600
2015-08-18 8152.28	63.1700	5.4500
2015-08-17 8732.98	67.6800	5.8400
2015-08-14 8661.41	67.1500	5.8000
2015-08-13 8614.53	66.8300	5.7700
2015-08-12 8420.28	65.3400	5.6400
2015-08-11 8538.75	67.2600	5.7100
2015-08-10 8490.98	66.9000	5.6600
2015-08-07 8131.92	64.0500	5.4300
2015-08-06 7890.77	62.1500	5.2600
2015-08-05 7921.54	62.4200	5.2900
2015-08-04 7987.77	62.9700	5.3400
2015-08-03 7607.48	59.9600	5.0900
2015-07-31 7838.98	61.7300	5.2400
2015-07-30 7918.19	62.3300	5.2900
2015-07-29 8162.64	64.3100	5.4700
2015-07-28 7834.12	61.7100	5.2500
2015-07-27 8053.74	63.4100	5.4000
2015-07-24 8622.46	67.9100	5.7800
2015-07-23 8723.34	68.6400	5.8500
2015-07-22 8504.12	66.8600	5.7200
2015-07-21 8406.82	66.0500	5.6500
2015-07-20 8263.01	64.9200	5.5600
2015-07-17 8082.92	63.5200	5.4400
2015-07-16 7690.84	60.4100	5.1800
2015-07-14 7870.09	61.7800	5.3100
2015-07-13 7693.13	60.3800	5.1900
2015-07-10 7398.58	58.0300	4.9900
2015-07-09 7171.64	56.2300	4.8400
2015-07-08 6984.51	54.7600	4.7200
2015-07-07 7064.79	55.4000	4.7700
2015-07-06 7476.21	58.6800	5.0500
2015-07-03 7697.56	60.3800	5.2000
2015-07-02 8129.70	63.7800	5.4900
2015-07-01 8631.97	67.7200	5.8300
2015-06-30 9054.50	71.0500	6.1200
2015-06-29 8649.03	67.8000	5.8500
2015-06-26 9284.08	72.7800	6.2800
2015-06-25 10086.34	79.0900	6.8200
2015-06-24 10485.39	82.2000	7.1000
2015-06-23 10316.52	80.8900	6.9800
2015-06-19 10279.76	80.5300	6.9600
2015-06-18 10954.75	85.8500	7.4100
2015-06-17 11350.50	88.9800	7.6900
2015-06-16 11176.24	87.6400	7.5700
2015-06-15 11634.49	91.2200	7.8800
2015-06-12 11888.26	93.3100	8.0600
2015-06-11 11731.69	92.1300	7.9700
2015-06-10 11513.69	90.4100	7.8200
2015-06-09 11262.85	88.4400	7.6500
2015-06-08 11273.65	88.4600	7.6500
2015-06-05 11515.04	90.3500	7.8300
2015-06-04 11401.43	89.4900	7.7500
2015-06-03 11476.38	90.1600	7.8000
2015-06-02 11453.81	90.0200	7.7900
2015-06-01 11007.16	86.5200	7.4900
2015-05-29 10478.03	82.2900	7.1400
2015-05-28 10339.36	81.1000	7.0300
2015-05-27 10955.89	85.9700	7.4500
2015-05-26 10841.45	85.0500	7.3700
2015-05-25 10443.29	81.8900	7.1000
2015-05-22 10252.84	80.4300	6.9700
2015-05-21 10165.76	79.9700	6.9100
2015-05-20 9752.59	76.6600	6.6300
2015-05-19 9510.70	74.7100	6.4600
2015-05-18 9263.48	72.7300	6.2900
2015-05-15 8997.01	70.5100	6.1100
2015-05-14 9039.96	70.8000	6.1500
2015-05-13 8979.02	70.3500	6.1000
2015-05-12 8854.23	69.3800	6.0200
2015-05-11 8653.53	67.7900	5.8800
2015-05-08 8244.38	64.5600	5.6000
2015-05-07 7882.03	61.6700	5.3500
2015-05-06 7975.85	62.3900	5.4100
2015-05-05 7999.47	62.5600	5.4300
2015-05-04 8207.88	64.5300	5.5800
2015-04-30 8143.76	65.1700	5.5400
2015-04-29 8110.02	64.8800	5.5200
2015-04-28 7949.84	63.6800	5.4200
2015-04-27 8219.60	65.8600	5.6200
2015-04-24 8174.61	65.6900	5.6200
2015-04-23 8172.48	65.6800	5.6500
2015-04-22 8086.04	65.0000	5.6000
2015-04-21 7860.99	63.2300	5.4400
2015-04-20 7577.58	60.7200	5.2400
2015-04-17 7781.98	62.4000	5.3800
2015-04-16 7762.27	62.2900	5.3700
2015-04-15 7683.96	61.6600	5.3200
2015-04-14 7981.79	63.9800	5.5200
2015-04-13 8006.26	64.1700	5.5300
2015-04-10 7840.15	62.8200	5.4200
2015-04-09 7633.00	61.1100	5.2700
2015-04-08 7731.78	61.8900	5.3400
2015-04-07 7838.87	62.7200	5.4100
2015-04-03 7690.29	61.4500	5.3100
2015-04-02 7557.60	60.3500	5.2200
2015-04-01 7378.87	58.8800	5.1000
2015-03-31 7175.02	57.2300	4.9600
2015-03-30 7128.58	56.8600	4.9400
2015-03-27 7100.56	56.5900	4.9200
2015-03-26 7007.87	55.8000	4.8600
2015-03-25 7133.67	56.8200	4.9600
2015-03-24 7003.65	55.8000	4.8800
2015-03-23 6919.22	55.0900	4.8200
2015-03-20 6711.15	53.3700	4.6800
2015-03-19 6637.07	52.7900	4.6300
2015-03-18 6591.45	52.4300	4.6000
2015-03-17 6463.55	51.4600	4.5200
2015-03-16 6397.16	51.2100	4.4800
2015-03-13 6187.36	49.4600	4.3400
2015-03-12 6099.49	48.7600	4.2800
2015-03-11 6129.99	49.1000	4.3100
2015-03-10 6137.45	49.2100	4.3100
2015-03-09 6044.62	48.4400	4.2500
2015-03-06 5965.66		
2015-03-05 6068.13	48.5800	4.2600
2015-03-04 6025.57	48.3100	4.2300
2015-03-03 5920.90	47.4400	4.1600
2015-03-02 5958.19	47.7700	4.1900
2015-02-27 5841.68	46.8400	4.1100
2015-02-26 5783.18	46.3400	4.0600
2015-02-17 5766.27	46.1800	4.0500
2015-02-16 5742.15	45.9800	4.0400
2015-02-13 5612.10	44.9400	3.9500
2015-02-12 5531.36	44.2800	3.8900
2015-02-11 5487.13	43.9300	3.8600
2015-02-10 5406.65	43.2500	3.8000
2015-02-09 5326.40	42.6000	3.7500
2015-02-06 5361.44	42.8900	3.7700
2015-02-05 5458.01	43.6200	3.8400
2015-02-04 5464.89	43.6600	3.8500
2015-02-03 5482.32	43.8000	3.8600
2015-02-02 5368.98	42.9300	3.7800
2015-01-30 5383.22	43.0500	3.7900
2015-01-29 5450.52	43.5700	3.8400
2015-01-28 5475.28	43.8200	3.8500
2015-01-27 5509.19	44.0800	3.8700
2015-01-26 5474.06	43.8200	3.8500
2015-01-23 5366.45	43.0000	3.7800
2015-01-22 5436.68	43.5600	3.8300
2015-01-21 5374.23	43.0900	3.7800
2015-01-20 5270.05	42.2400	3.7100
2015-01-19 5074.01	40.6300	3.5700
2015-01-16 5179.47	41.4500	3.6500
2015-01-15 5106.37	40.8600	3.6000
2015-01-14 5086.54	40.7000	3.5800
2015-01-13 5097.59	40.8100	3.5900
2015-01-12 4981.60	39.8300	3.5100
2015-01-09 5002.94	39.9200	3.5300
2015-01-08 5013.14	40.0000	3.5300
2015-01-07 5009.66	40.0000	3.5300
2015-01-06 5026.04	40.2100	3.5400
2015-01-05 4926.92	39.3700	3.4700
2014-12-31 4869.99	38.9000	3.4300
2014-12-30 4828.74	38.5700	3.4100
2014-12-29 4905.25	39.1500	3.4600
2014-12-26 4992.81	39.8700	3.5200
2014-12-25 4977.53	39.7100	3.5200
2014-12-24 4918.20	39.1400	3.4800
2014-12-23 4822.30	38.3800	3.4100
2014-12-22 4885.48	38.9000	3.4600
2014-12-19 5131.57	40.9100	3.6300
2014-12-18 5211.32	41.5500	3.6900
2014-12-17 5230.85	41.6700	3.7000
2014-12-16 5297.79	42.2100	3.7500
2014-12-15 5327.02	42.4200	3.7700
2014-12-12 5236.95	41.6700	3.7100
2014-12-11 5180.82	41.2000	3.6700
2014-12-10 5125.73	40.7100	3.6300
2014-12-09 4959.34	39.3600	3.5200
2014-12-08 5184.88	41.2100	3.6800
2014-12-05 5198.24	41.3100	3.6900
2014-12-04 5329.85	42.3400	3.7800
2014-12-03 5255.68	41.7400	3.7300
2014-12-02 5207.32	41.3700	3.7000
2014-12-01 5154.64	40.9300	3.6600
2014-11-28 5212.37	41.3800	3.7000
2014-11-27 5224.69	41.4800	3.7100
2014-11-26 5201.37	41.2900	3.6900
2014-11-25 5187.82	41.1800	3.6800
2014-11-24 5112.90	40.5500	3.6300
2014-11-21 5075.18	40.2000	3.6100
2014-11-20 5033.96	39.8200	3.5800
2014-11-19 5046.93	39.9200	3.5900
2014-11-18 5008.69	39.6400	3.5600
2014-11-17 4993.97	39.5400	3.5500
2014-11-14 4925.76	39.0000	3.5000
2014-11-13 4928.30	39.0300	3.5000
2014-11-12 5017.49	39.7300	3.5700
2014-11-11 4951.24	39.2000	3.5200
2014-11-10 5120.83	40.5000	3.6400
2014-11-07 5099.52	40.3200	3.6300
2014-11-06 5155.36	40.7500	3.6700
2014-11-05 5110.55	40.3600	3.6400
2014-11-04 5115.42	40.4300	3.6400
2014-11-03 5152.30	40.7100	3.6700
2014-10-31 5110.86	40.4000	3.6400
2014-10-30 5127.93	40.5400	3.6500
2014-10-29 5135.54	40.6000	3.6700
2014-10-28 5080.20	40.1600	3.6600
2014-10-27 4964.66	39.2500	3.5900
2014-10-24 4924.13	38.9200	3.5800
2014-10-23 4909.36	38.7800	3.5800
2014-10-22 4982.45	39.3300	3.6400
2014-10-21 5041.61	39.7800	3.6800
2014-10-20 5074.52	40.0500	3.7100
2014-10-17 5000.86	39.4600	3.6600
2014-10-16 5052.86	39.8200	3.7000
2014-10-15 5123.91	40.3400	3.7600
2014-10-14 5108.69	40.2000	3.7500
2014-10-13 5126.49	40.3200	3.7600
2014-10-10 5144.89	40.4600	3.7800
2014-10-09 5175.73	40.7100	3.8100
2014-10-08 5157.71	40.5800	3.7900
2014-09-30 5090.14	39.7900	3.7400
2014-09-29 5054.27	39.4000	3.7200
2014-09-26 5001.14	39.0100	3.6800
2014-09-25 4981.59	38.8400	3.6700
2014-09-24 4975.45	38.8000	3.6600
2014-09-23 4918.10	38.2800	3.6300
2014-09-22 4853.42	37.7600	3.5800
2014-09-19 4909.70	38.2000	3.6200
2014-09-18 4854.62	37.7700	3.5800
2014-09-17 4823.88	37.5300	3.5600
2014-09-16 4790.99	37.3100	3.5300
2014-09-15 4969.65	38.6800	3.6700
2014-09-12 4919.42	38.3000	3.6300
2014-09-11 4864.04	37.8900	3.5900
2014-09-10 4872.37	37.9600	3.6000
2014-09-09 4844.59	37.7800	3.5800
2014-09-05 4819.64	37.5800	3.5600
2014-09-04 4797.55	37.4200	3.5500
2014-09-03 4764.48	37.1100	3.5200
2014-09-02 4724.94	36.8100	3.4900
2014-09-01 4662.06	36.3000	3.4500
2014-08-28 4532.19	39.3000	3.3500
2014-08-27 4572.02	39.6500	3.3900
2014-08-26 4538.29	39.3800	3.3600
2014-08-25 4616.72	40.0500	3.4200
2014-08-22 4642.39	40.2600	3.4500
2014-08-21 4610.27	39.9500	3.4300
2014-08-20 4606.98	39.9200	3.4300
2014-08-19 4609.72	39.9200	3.4400
2014-08-18 4596.44	39.8000	3.4300
2014-08-14 4477.82	38.7500	3.3500
2014-08-13 4497.94	38.9200	3.3600
2014-08-12 4498.01	38.9200	3.3700
2014-08-11 4472.97	38.7000	3.3500
2014-08-08 4405.61	38.1200	3.3000
2014-08-07 4368.20	37.7800	3.2700
2014-08-06 4403.76	38.0900	3.3000
2014-08-05 4380.85	37.9100	3.2800
2014-08-04 4349.43	37.6400	3.2600
2014-08-01 4289.64	37.1000	3.2200
2014-07-31 4337.02	37.5100	3.2600
2014-07-30 4306.08	37.2300	3.2400
2014-07-29 4283.32	37.0400	3.2200
2014-07-28 4225.01	36.5300	3.1800
2014-07-24 4112.27	35.5500	3.1000
2014-07-23 4144.29	35.8200	3.1200
2014-07-22 4191.73	36.2200	3.1600
2014-07-21 4138.73	35.7800	3.1200
2014-07-18 4142.65	35.8000	3.1300
2014-07-17 4138.11	35.7500	3.1200
2014-07-16 4161.31	35.9500	3.1400
2014-07-15 4211.24	36.3700	3.1800
2014-07-14 4227.31	36.5100	3.1900
2014-07-11 4177.10	36.0800	3.1600
2014-07-10 4148.76	35.8300	3.1400
2014-07-09 4161.18	35.9200	3.1500
2014-07-08 4228.15	36.5100	3.2000
2014-07-07 4198.43	36.2500	3.1700
2014-07-04 4204.11	36.3100	3.1800
2014-07-03 4200.15	36.2100	3.1700
2014-07-02 4174.33	35.9800	3.1500
2014-07-01 4156.81	35.8200	3.1400
2014-06-30 4127.90	35.5500	3.1200
2014-06-27 4086.09	35.2000	3.0900
2014-06-26 4058.66	34.9700	3.0700
2014-06-25 3999.52	34.4500	3.0200
2014-06-24 4018.71	34.6300	3.0400
2014-06-23 3991.05	34.4000	3.0200
2014-06-20 3949.98	34.0600	2.9900
2014-06-19 3907.30	33.6800	2.9500
2014-06-18 4021.06	34.6500	3.0400
2014-06-17 4046.39	34.8700	3.0600
2014-06-16 4085.59	35.2100	3.0900
2014-06-13 4055.29	34.9500	3.0700
2014-06-12 4007.72	34.5100	3.0300
2014-06-11 4019.16	34.6200	3.0400
2014-06-10 3998.21	34.4600	3.0200
2014-06-09 3942.37	33.9800	2.9800
2014-06-06 3967.72	34.2000	3.0000
2014-06-05 3968.81	34.1900	3.0000
2014-06-04 3921.05	33.7700	2.9600
2014-06-03 3960.91	34.1300	2.9900
2014-05-30 3961.74	34.0000	2.9900
2014-05-29 3951.82	33.9100	2.9800
2014-05-28 4000.84	34.3100	3.0200
2014-05-27 3943.08	33.8000	2.9800
2014-05-26 3955.99	33.9000	2.9900
2014-05-23 3906.95	33.4900	2.9500
2014-05-22 3867.81	33.1500	2.9200
2014-05-21 3865.62	33.1300	2.9200
2014-05-20 3826.90	32.7900	2.8900
2014-05-19 3810.56	32.6500	2.8800
2014-05-16 3826.64	32.8000	2.8900
2014-05-15 3835.80	32.8800	2.9000
2014-05-14 3909.56	33.5000	2.9500
2014-05-13 3904.47	33.4500	2.9500
2014-05-12 3912.99	33.4900	2.9500
2014-05-09 3823.17	32.7000	2.8800
2014-05-08 3862.12	33.0400	2.9100
2014-05-07 3872.58	33.1300	2.9200
2014-05-06 3941.89	33.7200	2.9700
2014-05-05 3901.74	33.3500	2.9400
2014-04-30 3852.08	33.6400	2.9000
2014-04-29 3820.20	33.3600	2.8800
2014-04-28 3774.67	32.9500	2.8500
2014-04-25 3895.25	33.9900	2.9700
2014-04-24 3975.82	34.6800	3.0400
2014-04-23 4018.17	35.0400	3.0600
2014-04-22 4026.11	35.1100	3.0700
2014-04-21 4063.61	35.4300	3.1100
2014-04-18 4122.18	35.9400	3.1600
2014-04-17 4114.63	35.8700	3.1600
2014-04-16 4104.23	35.7800	3.1500
2014-04-15 4104.21	35.7800	3.1500
2014-04-14 4130.36	36.0600	3.1700
2014-04-11 4101.03	35.8100	3.1500
2014-04-10 4125.87	36.0300	3.1700
2014-04-09 4112.71	35.9300	3.1600
2014-04-08 4069.89	35.5600	3.1200
2014-04-04 4033.68	35.2300	3.1000
2014-04-03 3988.78	34.8200	3.0700
2014-04-02 3973.01	34.6800	3.0600
2014-04-01 3983.57	34.7500	3.0700
2014-03-31 3913.02	34.1400	3.0100
2014-03-28 3936.98	34.3600	3.0300
2014-03-27 4049.77	35.3100	3.1200
2014-03-26 4141.93	36.1000	3.1900
2014-03-25 4115.68	35.8600	3.1700
2014-03-24 4122.74	35.9100	3.1700
2014-03-21 4120.43	35.8500	3.1700
2014-03-20 4050.18	35.2400	3.1200
2014-03-19 4171.20	36.2900	3.2100
2014-03-18 4192.56	36.4800	3.2300
2014-03-17 4173.77	36.3400	3.2200
2014-03-14 4082.16	35.5300	3.1500
2014-03-13 4096.81	35.6800	3.1600
2014-03-12 4042.39	35.2000	3.1200
2014-03-11 4061.64	35.3600	3.1400
2014-03-10 4073.55	35.4400	3.1500
2014-03-07 4234.46	36.8500	3.2700
2014-03-06 4247.33	36.9800	3.2800
2014-03-05 4252.78	37.0000	3.2900
2014-03-04 4258.72	37.0600	3.2900
2014-03-03 4275.45	37.2000	3.3100
2014-02-28 4195.25	36.4900	3.2400
2014-02-27 4142.75	36.0200	3.2000
2014-02-26 4216.60	36.6800	3.2600
2014-02-25 4197.08	36.4800	3.2400
2014-02-24 4382.81	38.1200	3.3900
2014-02-20 4370.13	38.0100	3.3800
2014-02-19 4457.77	38.7600	3.4500
2014-02-18 4460.88	38.7800	3.4500
2014-02-17 4464.13	38.8000	3.4500
2014-02-14 4371.32	37.9800	3.3900
2014-02-13 4291.07	37.2700	3.3300
2014-02-12 4364.35	37.8900	3.3800
2014-02-11 4307.33	37.4100	3.3400
2014-02-10 4313.75	37.4500	3.3500
2014-02-07 4184.05	36.3100	3.2400
2014-01-30 4106.15	35.6300	3.1800
2014-01-29 4137.76	35.9100	3.2000
2014-01-28 4093.27	35.5300	3.1700
2014-01-27 4113.40	35.7300	3.1800
2014-01-24 4117.55	35.7700	3.1900
2014-01-23 4057.24	35.2400	3.1400
2014-01-22 4019.34	34.9100	3.1100
2014-01-21 3926.26	34.1000	3.0400
2014-01-20 3868.36	33.5800	3.0000
2014-01-17 3901.33	33.8800	3.0200
2014-01-16 3942.34	34.2500	3.0500
2014-01-13 3830.36	33.2500	2.9700
2014-01-10 3842.42	33.3600	2.9800
2014-01-09 3914.03	33.9700	3.0400
2014-01-08 3979.97	34.5600	3.0900
2014-01-07 3949.83	34.3000	3.0700
2014-01-06 3918.44	34.0200	3.0400
2014-01-03 4014.46	34.8400	3.1200
2014-01-02 4009.69	34.8000	3.1100
2013-12-31 3951.43	34.3200	3.0700
2013-12-30 3949.41	34.2900	3.0700
2013-12-27 3930.89	34.1300	3.0500
2013-12-26 3860.49	33.5100	3.0000
2013-12-25 3928.65	34.1000	3.0500
2013-12-24 3864.21	33.5400	3.0100
2013-12-23 3825.45	33.2000	2.9700
2013-12-20 3830.44	33.2200	2.9800
2013-12-19 3873.97	33.5900	3.0100
2013-12-18 3903.68	33.8400	3.0400
2013-12-17 3902.25	33.8100	3.0400
2013-12-16 3928.26	34.0400	3.0600
2013-12-13 3985.53	34.5500	3.1000
2013-12-12 3970.49	34.4200	3.0900
2013-12-11 3942.20	34.1700	3.0700
2013-12-10 3980.41	34.4800	3.1000
2013-12-09 3977.02	34.4500	3.1000
2013-12-06 3930.55	34.0300	3.0600
2013-12-05 3944.24	34.1400	3.0700
2013-12-04 3963.82	34.3200	3.0900
2013-12-03 3908.54	33.8300	3.0400
2013-12-02 3814.63	33.0000	2.9700
2013-11-29 4042.89	34.9700	3.1500
2013-11-28 4005.24	34.6400	3.1200
2013-11-27 3971.21	34.3200	3.0900
2013-11-26 3913.46	33.8200	3.0500
2013-11-25 3896.16	33.6800	3.0400
2013-11-22 3900.19	33.7100	3.0400
2013-11-21 3912.43	33.8300	3.0500
2013-11-20 3922.79	33.9100	3.0600
2013-11-19 3892.77	33.6700	3.0300
2013-11-18 3882.14	33.5800	3.0300
2013-11-15 3805.23	32.9100	2.9700
2013-11-14 3736.25	32.3100	2.9100
2013-11-13 3676.87	31.8000	2.8700
2013-11-12 3738.46	32.3400	2.9100
2013-11-11 3718.91	32.2000	2.9000
2013-11-08 3681.37	31.8700	2.8700
2013-11-07 3732.21	32.3100	2.9100
2013-11-06 3787.00	32.8100	2.9500
2013-11-05 3815.76	33.0700	2.9800
2013-11-04 3760.91	32.6100	2.9300
2013-11-01 3730.07	32.3500	2.9100
2013-10-31 3751.32	32.5400	2.9300
2013-10-30 3815.14	33.1000	2.9800
2013-10-29 3761.59	32.6400	2.9400
2013-10-28 3843.23	33.3600	3.0200
2013-10-25 3853.35	33.4700	3.0500
2013-10-24 3937.06	34.2100	3.1300
2013-10-23 3961.14	34.4400	3.1500
2013-10-22 4068.26	35.3600	3.2400
2013-10-21 4103.85	35.7000	3.2800
2013-10-18 3995.02	34.7400	3.1900
2013-10-17 3970.66	34.5300	3.1800
2013-10-16 3972.85		
2013-10-15 4074.78	35.4300	3.2600
2013-10-14 4095.99		
2013-10-11 4055.16		
2013-10-10 4026.39	35.0300	3.2200
2013-10-09 4045.89	35.2200	3.2400
2013-10-08 4008.88	34.9000	3.2100
2013-09-30 3938.74	34.3500	3.1600
2013-09-27 3886.22	33.8900	3.1100
2013-09-26 3876.38	33.8000	3.1100
2013-09-25 3926.18	34.2500	3.1500
2013-09-24 3954.21	34.5000	3.1700
2013-09-23 3923.51		
2013-09-18 3826.72	33.3400	3.0700
2013-09-17 3803.87	33.1400	3.0500
2013-09-16 3849.32	33.5200	3.0800
2013-09-13 3817.31	33.2300	3.0500
2013-09-12 3788.18	32.9600	3.0300
2013-09-11 3785.93		
2013-09-10 3844.82	33.4700	3.0700
2013-09-09 3838.02	33.4200	3.0700
2013-09-06 3819.39	33.2400	3.0500
2013-09-05 3801.48	33.0900	3.0400
2013-09-04 3793.09	32.9800	3.0300
2013-09-03 3795.66	33.0600	3.0400
2013-09-02 3736.99	32.5500	2.9900
2013-08-30 3680.84	33.4100	2.9400
2013-08-29 3761.38	34.1300	3.0100
2013-08-28 3775.06	34.2400	3.0200
2013-08-27 3835.94	34.8100	3.0800
2013-08-26 3818.36	34.6500	3.0700
2013-08-23 3743.95	33.9600	3.0100
2013-08-22 3742.74	33.9600	3.0200
2013-08-21 3732.04	33.8800	3.0100
2013-08-20 3701.21	33.5300	2.9900
2013-08-19 3699.78	33.5100	2.9900
2013-08-16 3619.80	32.7700	2.9300
2013-08-15 3716.62	33.6500	3.0100
2013-08-14 3766.01	34.1200	3.0500
2013-08-13 3780.24	34.2300	3.0700
2013-08-12 3759.06	34.0400	3.0500
2013-08-09 3724.53	33.7300	3.0200
2013-08-08 3725.65	33.7300	3.0300
2013-08-07 3697.48	33.4700	3.0100
2013-08-06 3746.09	33.9200	3.0500
2013-08-05 3697.97	33.4700	3.0100
2013-08-02 3624.86	32.8000	2.9500
2013-08-01 3599.03		
2013-07-31 3481.77	31.4900	2.8300
2013-07-30 3470.41	31.3700	2.8200
2013-07-29 3499.14	31.6300	2.8500
2013-07-26 3562.57	32.2100	2.9000
2013-07-25 3568.58	32.2700	2.9100
2013-07-24 3643.08	32.9500	2.9700
2013-07-23 3613.17		
2013-07-22 3515.20	31.7800	2.8700
2013-07-19 3451.86	31.1900	2.8100
2013-07-18 3513.84	31.7400	2.8600
2013-07-17 3518.08	31.7800	2.8700
2013-07-16 3587.74	32.4100	2.9200
2013-07-15 3539.86	31.9800	2.8900
2013-07-12 3452.62	31.1700	2.8100
2013-07-11 3466.13	31.2900	2.8200
2013-07-10 3379.59	30.5100	2.7500
2013-07-09 3291.56	29.7200	2.6800
2013-07-08 3280.89	29.6100	2.6800
2013-07-05 3414.91	30.8400	2.7800
2013-07-04 3449.49	31.1500	2.8100
2013-07-03 3436.84	31.0400	2.8000
2013-07-02 3418.03	30.8900	2.7800
2013-07-01 3348.43	30.2600	2.7300
2013-06-28 3264.70	29.5000	2.6600
2013-06-27 3272.57	29.6100	2.6700
2013-06-26 3340.40	30.2000	2.7200
2013-06-25 3243.78	29.3200	2.6400
2013-06-24 3236.52	29.2300	2.6300
2013-06-21 3443.56	31.0900	2.8000
2013-06-20 3455.81	31.2200	2.8100
2013-06-19 3577.07	32.3200	2.9100
2013-06-18 3589.29	32.4400	2.9300
2013-06-17 3595.65	32.4900	2.9300
2013-06-14 3578.51	32.3300	2.9100
2013-06-13 3486.72	31.4900	2.8400
2013-06-07 3581.15	32.3600	2.9100
2013-06-06 3631.90	32.8300	2.9500
2013-06-05 3690.01	33.3700	3.0000
2013-06-04 3664.77	33.1300	2.9800
2013-06-03 3748.74	33.8900	3.0500
2013-05-31 3792.06		
2013-05-30 3823.12	34.5500	3.1100
2013-05-29 3819.72		
2013-05-28 3788.72	34.3100	3.0800
2013-05-27 3826.22	34.6500	3.1100
2013-05-24 3782.19	34.2000	3.0800
2013-05-23 3719.46	33.6400	3.0200
2013-05-22 3731.17	33.7400	3.0300
2013-05-21 3779.11	34.1700	3.0700
2013-05-20 3712.88	33.5200	3.0200
2013-05-17 3649.71	32.9500	2.9600
2013-05-16 3588.01	32.3900	2.9200
2013-05-15 3559.29	32.1200	2.8900
2013-05-14 3492.65	31.5100	2.8400
2013-05-13 3532.72	31.9000	2.8700
2013-05-10 3508.95	31.6900	2.8500
2013-05-09 3498.78	31.5900	2.8400
2013-05-08 3486.01	31.4700	2.8200
2013-05-07 3443.49	31.1200	2.7900
2013-05-06 3446.01	31.1200	2.7900
2013-05-03 3379.25	30.5100	2.7300
2013-05-02 3309.69	29.8700	2.6800
2013-04-26 3280.84	30.0500	2.6500
2013-04-25 3353.67	30.7200	2.7200
2013-04-24 3416.33	31.2800	2.7800
2013-04-23 3338.54	30.5300	2.7200
2013-04-22 3431.67	31.3800	2.8100
2013-04-19 3401.21	31.1100	2.8000
2013-04-18 3335.68	30.5100	2.7500
2013-04-17 3323.56	30.3900	2.7400
2013-04-16 3274.69	29.9300	2.7000
2013-04-15 3238.81	29.4900	2.6700
2013-04-12 3284.45	29.9100	2.7100
2013-04-11 3306.01	30.1000	2.7300
2013-04-10 3317.78	30.2100	2.7400
2013-04-09 3337.53	30.4000	2.7600
2013-04-08 3309.70	30.1500	2.7400
2013-04-03 3276.96	29.8300	2.7100
2013-04-02 3309.82	30.1600	2.7400
2013-04-01 3381.63	30.8300	2.8000
2013-03-29 3369.36	30.7200	2.8000
2013-03-28 3367.29	30.7400	2.7900
2013-03-27 3452.26	31.5000	2.8700
2013-03-26 3447.45	31.4400	2.8600
2013-03-25 3459.91	31.5600	2.8700
2013-03-22 3455.32	31.5100	2.8700
2013-03-21 3443.78	31.4100	2.8600
2013-03-20 3402.19	31.0300	2.8200
2013-03-19 3312.68	30.2000	2.7500
2013-03-18 3308.48	30.1400	2.7500
2013-03-15 3354.98	30.5600	2.7900
2013-03-14 3344.65	30.4500	2.7800
2013-03-13 3318.74	30.1900	2.7600
2013-03-12 3346.51	30.4500	2.7900
2013-03-11 3445.92	31.3700	2.8700
2013-03-08 3436.36	31.2800	2.8600
2013-03-07 3470.10	31.6000	2.8900
2013-03-06 3519.30	32.0700	2.9300
2013-03-05 3452.13	31.4600	2.8700
2013-03-01 3469.36	31.6000	2.8900
2013-02-28 3420.08	31.1500	2.8400
2013-02-27 3360.51	30.6200	2.8000
2013-02-26 3366.84	30.6700	2.8000
2013-02-25 3417.04	31.1200	2.8400
2013-02-22 3378.98	30.7500	2.8100
2013-02-21 3385.22	30.8000	2.8200
2013-02-20 3441.49	31.3100	2.8600
2013-02-19 3365.69	30.6100	2.8000
2013-02-18 3422.67	31.1400	2.8500
2013-02-08 3403.20	30.9600	2.8300
2013-02-07 3350.42	30.4700	2.7900
2013-02-06 3319.06	30.1400	2.7600
2013-02-05 3291.34	29.8800	2.7400
2013-02-04 3257.97	29.5700	2.7100
2013-02-01 3295.08	29.9200	2.7400
2013-01-31 3277.25	29.7400	2.7300
2013-01-30 3300.38	29.9400	2.7500
2013-01-29 3306.03	30.0000	2.7600
2013-01-28 3271.75	29.6900	2.7300
2013-01-25 3194.20	29.0000	2.6600
2013-01-24 3197.17	29.0200	2.6700
2013-01-23 3276.72	29.7400	2.7300
2013-01-22 3277.76	29.7400	2.7300
2013-01-21 3336.79	30.3000	2.7800
2013-01-18 3321.41	30.1700	2.7700
2013-01-17 3276.21	29.7500	2.7300
2013-01-16 3316.65	30.1000	2.7700
2013-01-15 3317.90	30.1100	2.7700
2013-01-14 3249.36	29.4900	2.7100
2013-01-11 3123.83	28.3400	2.6000
2013-01-10 3177.48	28.8200	2.6500
2013-01-09 3156.31	28.6600	2.6300
2013-01-08 3140.70	28.5200	2.6200
2013-01-07 3094.56	28.0900	2.5800
2013-01-04 3059.03	27.7700	2.5500
2012-12-31 3085.38	28.0300	2.5700
2012-12-28 3059.41	27.8000	2.5500
2012-12-27 3024.65	27.4600	2.5300
2012-12-26 3054.77	27.7300	2.5500
2012-12-25 2998.90	27.1900	2.5100
2012-12-24 2932.00	26.5600	2.4500
2012-12-21 2903.12	26.3100	2.4300
2012-12-20 2889.49	26.1700	2.4200
2012-12-19 2877.92	26.0600	2.4100
2012-12-18 2858.08	25.8800	2.3900
2012-12-17 2868.74	25.9800	2.4000
2012-12-14 2865.13	25.9600	2.4000
2012-12-13 2754.57	24.9500	2.3100
2012-12-12 2791.21	25.2900	2.3400
2012-12-11 2794.89	25.3000	2.3400
2012-12-10 2816.70	25.4900	2.3600
2012-12-07 2766.28	25.0400	2.3100
2012-12-06 2707.79	24.5100	2.2700
2012-12-05 2715.14	24.5700	2.2700
2012-12-04 2613.82	23.6500	2.1900
2012-12-03 2581.00	23.3400	2.1600
2012-11-30 2651.19	23.9600	2.2200
2012-11-29 2617.76	23.6500	2.1900
2012-11-28 2645.98	23.9100	2.2200
2012-11-27 2705.06	24.4200	2.2600
2012-11-26 2807.58	25.3100	2.3500
2012-11-23 2851.73	25.7000	2.3900
2012-11-22 2845.51	25.6300	2.3800
2012-11-21 2879.34	25.9400	2.4100
2012-11-20 2853.38	25.7100	2.3900
2012-11-19 2861.73	25.7800	2.3900
2012-11-16 2852.92	25.7000	2.3900
2012-11-15 2873.35	25.8700	2.4100
2012-11-14 2919.61	26.2700	2.4400
2012-11-13 2910.43	26.1900	2.4400
2012-11-12 2969.14	26.7400	2.4900
2012-11-09 2960.43	26.6600	2.4800
2012-11-08 2973.88	26.7800	2.4900
2012-11-07 3054.96	27.5000	2.5600
2012-11-06 3056.94	27.5300	2.5600
2012-11-05 3077.78	27.7100	2.5800
2012-11-02 3095.29	27.8800	2.6000
2012-11-01 3096.28	27.9000	2.6000
2012-10-31 3046.18	27.4500	2.5600
2012-10-30 3032.86	27.3300	2.5600
2012-10-29 3034.51	27.3500	2.5700
2012-10-26 3031.27	27.3100	2.5800
2012-10-25 3091.49	27.8400	2.6400
2012-10-24 3123.76	28.1200	2.6800
2012-10-23 3142.18	28.3000	2.7000
2012-10-22 3183.82	28.6800	2.7500
2012-10-19 3168.33	28.5400	2.7400
2012-10-18 3178.03	28.6300	2.7500
2012-10-17 3125.02	28.1900	2.7100
2012-10-16 3115.08	28.1000	2.7000
2012-10-15 3102.30	27.9900	2.6900
2012-10-12 3129.67	28.2300	2.7100
2012-10-11 3143.65	28.3600	2.7300
2012-10-10 3194.14	28.8100	2.7700
2012-10-09 3156.46	28.4700	2.7400
2012-10-08 3072.50	27.7200	2.6600
2012-09-28 3078.95	27.7600	2.6700
2012-09-27 3018.53	27.2100	2.6100
2012-09-26 2949.16	26.5800	2.5500
2012-09-25 3027.97	27.2800	2.6200
2012-09-24 3050.68	27.4800	2.6400
2012-09-21 3024.68	27.2400	2.6200
2012-09-20 3058.84	27.5300	2.6500
2012-09-19 3156.31	28.4000	2.7400
2012-09-18 3129.07	28.1600	2.7100
2012-09-17 3139.90	28.2400	2.7200
2012-09-14 3226.15	29.0000	2.8000
2012-09-13 3228.14	29.0300	2.8000
2012-09-12 3278.23	29.4800	2.8400
2012-09-11 3264.34	29.3600	2.8300
2012-09-10 3272.15	29.4300	2.8400
2012-09-07 3238.91	29.1400	2.8100
2012-09-06 3134.41	28.2000	2.7200
2012-09-05 3095.62	27.8400	2.6800
2012-09-04 3069.53	27.6100	2.6600
2012-09-03 3089.71	27.8000	2.6800
2012-08-31 3024.98	25.1200	2.6200
2012-08-30 3014.33	25.0300	2.6000
2012-08-29 3075.15	25.5300	2.6500
2012-08-28 3077.66	25.5600	2.6600
2012-08-27 3060.46	25.4200	2.6500
2012-08-24 3129.07	25.9800	2.7100
2012-08-23 3190.16	26.4900	2.7700
2012-08-22 3169.66	26.3200	2.7500
2012-08-21 3191.20	26.5000	2.7700
2012-08-20 3142.29	26.1000	2.7300
2012-08-17 3129.74	25.9900	2.7200
2012-08-16 3138.02	26.0800	2.7300
2012-08-15 3166.41	26.3100	2.7600
2012-08-14 3182.49	26.4300	2.7800
2012-08-13 3168.82	26.3300	2.7700
2012-08-10 3234.58	26.8700	2.8300
2012-08-09 3236.53	26.8900	2.8300
2012-08-08 3184.74	26.4500	2.7900
2012-08-07 3194.91	26.5400	2.8000
2012-08-06 3158.47	26.2300	2.7700
2012-08-03 3081.97	25.5800	2.7000
2012-08-02 3017.23	25.0400	2.6400
2012-08-01 3035.95	25.2000	2.6600
2012-07-31 2989.38	24.8000	2.6200
2012-07-30 3037.72	25.1900	2.6700
2012-07-27 3094.58	25.6500	2.7200
2012-07-26 3116.85	25.8300	2.7400
2012-07-25 3145.28	26.0600	2.7600
2012-07-24 3159.99	26.1800	2.7800
2012-07-23 3129.81	25.9200	2.7500
2012-07-20 3160.40	26.1700	2.7800
2012-07-19 3184.70	26.3700	2.8000
2012-07-18 3154.22	26.1200	2.7700
2012-07-17 3138.72	25.9900	2.7600
2012-07-16 3128.46	25.9100	2.7500
2012-07-13 3267.42	27.0300	2.8700
2012-07-12 3291.18	27.2400	2.8900
2012-07-11 3243.58	26.8300	2.8500
2012-07-10 3221.75	26.6500	2.8300
2012-07-09 3258.47	26.8500	2.8800
2012-07-06 3323.40	27.3600	2.9400
2012-07-05 3255.57	26.8000	2.8800
2012-07-04 3318.68	27.2800	2.9400
2012-07-03 3339.09	27.4400	2.9600
2012-07-02 3322.43	27.3000	2.9400
2012-06-29 3270.54	26.8700	2.9000
2012-06-28 3226.88	26.5100	2.8600
2012-06-27 3263.96	26.8100	2.8900
2012-06-26 3260.84	26.7500	2.8900
2012-06-25 3266.35	26.8000	2.9000
2012-06-21 3342.59	27.4200	2.9700
2012-06-20 3393.36	27.8200	3.0100
2012-06-19 3398.19	27.8600	3.0100
2012-06-18 3411.97	27.9900	3.0300
2012-06-15 3376.33	27.7000	3.0000
2012-06-14 3371.67	27.6600	2.9900
2012-06-13 3390.22	27.8100	3.0100
2012-06-12 3327.14	27.2900	2.9500
2012-06-11 3335.15	27.3500	2.9600
2012-06-08 3275.47	26.8700	2.9000
2012-06-07 3292.35	27.0000	2.9200
2012-06-06 3313.97	27.1700	2.9400
2012-06-05 3318.22	27.2000	2.9400
2012-06-04 3320.10	27.2100	2.9400
2012-06-01 3417.93	28.0100	3.0300
2012-05-31 3428.38	28.1000	3.0400
2012-05-30 3407.49	27.9200	3.0100
2012-05-29 3395.57	27.8200	3.0000
2012-05-28 3337.45	27.3400	2.9500
2012-05-25 3297.96	27.0100	2.9100
2012-05-24 3344.50	27.3900	2.9500
2012-05-23 3368.95	27.6100	2.9700
2012-05-22 3381.03	27.7000	2.9800
2012-05-21 3338.16	27.3400	2.9400
2012-05-18 3342.20	27.3700	2.9500
2012-05-17 3393.96	27.7900	2.9900
2012-05-16 3352.96	27.4600	2.9500
2012-05-15 3396.34	27.8100	2.9900
2012-05-14 3406.87	27.8900	3.0000
2012-05-11 3419.94	28.0000	3.0100
2012-05-10 3442.99	28.1800	3.0300
2012-05-09 3431.48	28.0400	3.0200
2012-05-08 3492.49	28.5400	3.0700
2012-05-07 3487.47	28.5000	3.0700
2012-05-04 3445.68	28.1400	3.0300
2012-05-03 3411.40	27.8600	3.0000
2012-05-02 3389.16	27.6800	2.9800
2012-04-27 3338.92	27.2600	2.9300
2012-04-26 3356.69	27.4000	2.9500
2012-04-25 3366.26	27.4700	2.9600
2012-04-24 3346.59	27.3000	2.9500
2012-04-23 3387.74	27.6200	3.0000
2012-04-20 3462.26	28.2000	3.0800
2012-04-19 3444.26	28.0500	3.0600
2012-04-18 3448.22	28.0900	3.0700
2012-04-17 3379.41	27.5200	3.0200
2012-04-16 3418.65	27.8500	3.0500
2012-04-13 3426.56	27.9400	3.0600
2012-04-12 3408.68	27.8000	3.0400
2012-04-11 3346.47	27.2700	2.9900
2012-04-10 3339.66	27.2100	2.9900
2012-04-09 3312.75	26.9900	2.9700
2012-04-06 3353.34	27.3400	3.0000
2012-04-05 3333.70	27.1800	2.9900
2012-03-30 3230.01	26.3400	2.9100
2012-03-29 3249.05	26.4900	2.9300
2012-03-28 3310.15	26.9800	2.9900
2012-03-27 3470.06	28.2800	3.1400
2012-03-26 3483.06	28.3800	3.1500
2012-03-23 3482.43	28.3700	3.1500
2012-03-22 3545.36	28.8900	3.2100
2012-03-21 3553.06	28.9600	3.2200
2012-03-20 3548.21	28.9100	3.2200
2012-03-19 3640.56	29.6500	3.3000
2012-03-16 3598.67	29.2900	3.2700
2012-03-15 3505.89	28.5300	3.1800
2012-03-14 3524.38	28.6800	3.2000
2012-03-13 3680.78	29.9300	3.3400
2012-03-12 3641.76	29.6200	3.3100
2012-03-09 3616.48	29.4100	3.2900
2012-03-08 3553.63	28.8900	3.2300
2012-03-07 3506.33	28.5200	3.1900
2012-03-06 3512.17	28.5700	3.1900
2012-03-05 3538.41	28.8100	3.2200
2012-03-02 3535.07	28.7800	3.2100
2012-03-01 3468.38	28.2300	3.1500
2012-02-29 3451.40	28.0900	3.1400
2012-02-28 3497.64	28.4600	3.1800
2012-02-27 3531.97	28.7300	3.2200
2012-02-24 3523.04	28.6600	3.2100
2012-02-23 3491.75	28.3900	3.1800
2012-02-22 3473.00	28.2300	3.1600
2012-02-21 3393.49	27.5800	3.0900
2012-02-20 3351.88	27.2400	3.0500
2012-02-17 3342.80	27.1600	3.0500
2012-02-16 3352.75	27.2500	3.0500
2012-02-15 3362.57	27.3300	3.0600
2012-02-14 3315.44	26.9500	3.0200
2012-02-13 3316.10	26.9500	3.0200
2012-02-10 3269.33	26.5800	2.9800
2012-02-09 3252.77	26.4400	2.9700
2012-02-08 3226.68	26.2300	2.9400
2012-02-07 3142.01	25.5400	2.8600
2012-02-06 3195.30	25.9800	2.9100
2012-02-03 3158.78	25.6800	2.8800
2012-02-02 3099.07	25.2000	2.8200
2012-02-01 3040.82	24.7300	2.7700
2012-01-31 3051.24	24.8100	2.7800
2012-01-30 3054.05	24.8300	2.7800
2012-01-20 3062.42	24.9000	2.7900
2012-01-19 3009.93	24.4700	2.7400
2012-01-18 2983.47	24.2400	2.7200
2012-01-17 3073.42	24.9800	2.8000
2012-01-16 2920.64	23.7400	2.6600
2012-01-13 3039.88	24.7000	2.7800
2012-01-12 3169.21	25.7700	2.8900
2012-01-11 3182.50	25.8800	2.9100
2012-01-10 3181.06	25.8700	2.9000
2012-01-09 3059.05	24.8800	2.7900
2012-01-06 2951.34	24.0000	2.6900
2012-01-05 2943.13	24.0000	2.6900
2012-01-04 3079.08	25.1100	2.8100
2011-12-30 3162.36	25.8100	2.8900
2011-12-29 3098.36	25.2800	2.8300
2011-12-28 3091.50	25.2100	2.8300
2011-12-27 3115.39	25.4000	2.8500
2011-12-26 3206.87	26.1200	2.9400
2011-12-23 3239.03	26.3800	2.9700
2011-12-22 3221.06	26.2400	2.9500
2011-12-21 3263.82	26.5700	2.9900
2011-12-20 3347.86	27.2500	3.0700
2011-12-19 3361.30	27.4000	3.0900
2011-12-16 3352.23	27.3200	3.0800
2011-12-15 3261.10	26.5700	3.0000
2011-12-14 3327.18	27.1000	3.0600
2011-12-13 3388.61	27.5800	3.1200
2011-12-12 3498.30	28.4600	3.2200
2011-12-09 3543.19	28.8100	3.2600
2011-12-08 3581.71	29.1000	3.3000
2011-12-07 3575.59	29.0400	3.2900
2011-12-06 3562.41	28.9200	3.2800
2011-12-05 3556.49	28.8600	3.2800
2011-12-02 3680.23	29.8600	3.3900
2011-12-01 3758.86	30.4700	3.4600
2011-11-30 3686.22	29.8700	3.4000
2011-11-29 3845.59	31.1700	3.5400
2011-11-28 3784.93	30.6700	3.4900
2011-11-25 3782.42	30.6500	3.4900
2011-11-24 3804.96	30.8300	3.5100
2011-11-23 3806.80	30.8300	3.5200
2011-11-22 3816.10	30.9000	3.5300
2011-11-21 3824.10	30.9400	3.5400
2011-11-18 3816.35	30.8700	3.5300
2011-11-17 3930.31	31.7800	3.6400
2011-11-16 3926.90	31.7300	3.6300
2011-11-15 4035.73	32.6200	3.7300
2011-11-14 4016.94	32.4500	3.7200
2011-11-11 3918.14	31.6500	3.6300
2011-11-10 3923.16	31.6800	3.6300
2011-11-09 3965.26	32.0000	3.6700
2011-11-08 3897.68	31.4300	3.6100
2011-11-07 3944.61	31.8100	3.6600
2011-11-04 3961.91	31.9500	3.6700
2011-11-03 3939.03	31.7700	3.6600
2011-11-02 3916.37	31.5900	3.6400
2011-11-01 3838.82	30.9600	3.5600
2011-10-31 3832.36	30.9100	3.5600
2011-10-28 3804.46	30.6800	3.5400
2011-10-27 3725.99	30.0500	3.4900
2011-10-26 3727.72	30.0600	3.5000
2011-10-25 3699.58	29.8300	3.4800
2011-10-24 3599.41	29.0100	3.4000
2011-10-21 3540.85	28.5300	3.3600
2011-10-20 3610.77	29.0900	3.4400
2011-10-19 3718.53	29.9500	3.5600
2011-10-18 3740.53	30.1200	3.5800
2011-10-17 3844.01	30.9500	3.6900
2011-10-14 3816.34	30.7200	3.6600
2011-10-13 3831.03	30.8300	3.6800
2011-10-12 3776.17	30.4000	3.6300
2011-10-11 3647.12	29.3500	3.5000
2011-10-10 3659.14	29.4500	3.5200
2011-09-30 3679.55	29.6300	3.5400
2011-09-29 3686.54	29.6900	3.5400
2011-09-28 3801.72	30.6100	3.6500
2011-09-27 3861.94	31.0900	3.7100
2011-09-26 3854.92	31.0100	3.7100
2011-09-23 3913.56	31.4800	3.7600
2011-09-22 3952.62	31.8000	3.8000
2011-09-21 4062.91	32.6900	3.9100
2011-09-20 3948.52	31.7600	3.8000
2011-09-19 3935.27	31.6400	3.7900
2011-09-16 4018.98	32.3000	3.8700
2011-09-15 4020.30	32.3200	3.8700
2011-09-14 4007.73	32.2200	3.8600
2011-09-13 3965.57	31.9000	3.8200
2011-09-09 4034.82	32.4600	3.8900
2011-09-08 4064.33	32.6900	3.9200
2011-09-07 4099.98	32.9800	3.9500
2011-09-06 4004.91	32.2100	3.8600
2011-09-05 4045.53	32.5300	3.9000
2011-09-02 4140.62	33.3400	4.0000
2011-09-01 4184.61	33.6900	4.0400
2011-08-31 4207.92	37.8800	4.0600
2011-08-30 4239.59	38.1600	4.1000
2011-08-29 4282.65	38.5400	4.1500
2011-08-26 4313.70	38.8200	4.1900
2011-08-25 4299.67	38.6900	4.1900
2011-08-24 4232.71	38.0900	4.1300
2011-08-23 4222.78	38.0300	4.1200
2011-08-22 4155.74	37.4300	4.0500
2011-08-19 4189.95	37.7300	4.0800
2011-08-18 4218.96	37.9900	4.1200
2011-08-17 4299.09	38.7300	4.2000
2011-08-16 4313.37	38.8700	4.2300
2011-08-15 4340.83	39.1200	4.2700
2011-08-12 4281.34	38.5800	4.2100
2011-08-10 4163.98	37.5100	4.1000
2011-08-09 4101.55	36.9500	4.0400
2011-08-08 4100.71	36.9200	4.0500
2011-08-05 4291.24	38.6300	4.2400
2011-08-04 4370.70	39.3400	4.3300
2011-08-03 4353.02	39.1500	4.3200
2011-08-02 4326.81	38.9100	4.2900
2011-08-01 4343.78	39.0600	4.3200
2011-07-29 4330.08	38.9300	4.3100
2011-07-28 4371.78	39.3100	4.3500
2011-07-27 4375.69	39.3400	4.3600
2011-07-26 4293.53	38.5900	4.2800
2011-07-25 4272.94	38.5000	4.2700
2011-07-22 4451.91	40.0800	4.4500
2011-07-21 4429.44	39.8100	4.4300
2011-07-20 4484.48	40.2800	4.4900
2011-07-19 4477.50	40.2100	4.4900
2011-07-18 4540.48	40.7600	4.5500
2011-07-15 4533.32	40.6800	4.5500
2011-07-14 4499.94	40.3800	4.5200
2011-07-13 4464.57	40.0600	4.4800
2011-07-12 4379.12	39.2900	4.4000
2011-07-11 4439.34	39.8300	4.4600
2011-07-08 4395.66	39.4800	4.4200
2011-07-07 4408.12	39.5900	4.4300
2011-07-06 4393.81	39.4700	4.4200
2011-07-05 4360.91	39.1800	4.3900
2011-07-04 4329.86	38.9100	4.3600
2011-07-01 4229.33	37.9700	4.2600
2011-06-30 4212.53	37.8000	4.2500
2011-06-29 4151.58	37.2500	4.1900
2011-06-28 4190.48	37.5900	4.2300
2011-06-27 4175.49	37.4700	4.2100
2011-06-24 4111.63	36.8900	4.1500
2011-06-23 4012.50	36.0000	4.0500
2011-06-22 3928.41	35.2400	3.9700
2011-06-21 3924.39	35.1900	3.9700
2011-06-20 3871.83	34.7200	3.9200
2011-06-17 3927.49	35.2100	3.9700
2011-06-16 3972.58	35.6500	4.0200
2011-06-15 4057.92	36.4100	4.1100
2011-06-14 4094.99	36.7700	4.1400
2011-06-13 4036.15	36.2200	4.0800
2011-06-10 4044.86	36.2900	4.0900
2011-06-09 4048.93	36.3500	4.1000
2011-06-08 4132.42	37.0800	4.1800
2011-06-07 4120.02	36.9500	4.1700
2011-06-03 4082.54	36.6100	4.1300
2011-06-02 4010.34	35.9600	4.0700
2011-06-01 4068.55	36.4500	4.1200
2011-05-31 4021.04	36.1100	4.0800
2011-05-30 3948.05	35.4800	4.0000
2011-05-27 3992.35	35.8600	4.0500
2011-05-26 4100.84	36.8200	4.1500
2011-05-25 4147.12	37.2000	4.1900
2011-05-24 4213.98	37.8000	4.2600
2011-05-23 4226.81	37.8800	4.2700
2011-05-20 4381.03	39.2200	4.4200
2011-05-19 4398.31	39.3800	4.4400
2011-05-18 4411.67	39.4600	4.4400
2011-05-17 4398.49	39.3300	4.4300
2011-05-16 4405.52	39.4000	4.4400
2011-05-13 4405.27	39.4100	4.4400
2011-05-12 4388.08	39.2600	4.4200
2011-05-11 4461.55	39.9300	4.4900
2011-05-10 4456.18	39.8800	4.4800
2011-05-09 4434.50	39.6900	4.4600
2011-05-06 4404.18	39.4200	4.4300
2011-05-05 4377.03	39.1700	4.4000
2011-05-04 4363.13	39.0500	4.3800
2011-05-03 4455.37	39.8700	4.4700
2011-04-29 4397.50	44.0600	4.4200
2011-04-28 4345.65	43.5400	4.3800
2011-04-27 4477.98	44.8500	4.5300
2011-04-26 4535.89	45.4700	4.6200
2011-04-25 4609.55	46.2200	4.7400
2011-04-22 4699.50	47.0400	4.8600
2011-04-21 4737.00	47.4100	4.9200
2011-04-20 4711.76	47.0900	4.9200
2011-04-19 4680.02	46.7600	4.9100
2011-04-18 4713.54	47.0900	4.9500
2011-04-15 4717.37	47.1200	4.9600
2011-04-14 4733.05	47.2800	4.9800
2011-04-13 4732.23	47.3200	4.9900
2011-04-12 4674.55	46.7500	4.9300
2011-04-11 4704.68	47.0400	4.9700
2011-04-08 4756.28	47.5500	5.0200
2011-04-07 4699.14	46.9500	4.9400
2011-04-06 4670.47	46.6700	4.9100
2011-04-01 4708.68	47.0500	4.9600
2011-03-31 4660.18	46.5400	4.9100
2011-03-30 4695.71	46.8800	4.9400
2011-03-29 4749.51	47.4300	5.0000
2011-03-28 4853.23	48.4600	5.1100
2011-03-25 4908.38	49.0400	5.2300
2011-03-24 4889.12	48.8300	5.2200
2011-03-23 4885.72	48.7800	5.2100
2011-03-22 4832.20	48.2400	5.1600
2011-03-21 4853.87	48.4700	5.1800
2011-03-18 4879.60	48.7100	5.2300
2011-03-17 4850.91	48.3800	5.1900
2011-03-16 4939.69	49.2700	5.3000
2011-03-15 4888.41	48.7300	5.2700
2011-03-14 4936.48	49.2100	5.3200
2011-03-11 4893.36	48.7800	5.2700
2011-03-10 4892.65	48.7500	5.2800
2011-03-09 4912.52	48.9300	5.3100
2011-03-08 4887.00	48.6600	5.3000
2011-03-07 4863.18	48.4100	5.2800
2011-03-04 4809.78	47.8800	5.2200
2011-03-03 4770.27	47.4400	5.1900
2011-03-02 4867.93	48.3900	5.3000
2011-03-01 4895.45	48.6600	5.3300
2011-02-28 4884.70	48.6500	5.3100
2011-02-25 4834.69	48.1500	5.2600
2011-02-24 4834.77	48.1900	5.2700
2011-02-23 4808.23	47.9100	5.2400
2011-02-22 4752.48	47.3500	5.1800
2011-02-21 4869.88	48.5300	5.3100
2011-02-18 4774.82	47.5400	5.2100
2011-02-17 4823.74	48.0200	5.2700
2011-02-16 4790.31	47.6800	5.2400
2011-02-15 4712.60	46.8900	5.1600
2011-02-14 4712.71	46.9000	5.1600
2011-02-11 4639.25	46.1500	5.0800
2011-02-10 4576.92	45.5600	5.0100
2011-02-09 4445.56	44.2200	4.8700
2011-02-01 4487.52	44.6400	4.9200
2011-01-31 4478.43	44.5600	4.9100
2011-01-28 4431.70	44.1000	4.8600
2011-01-27 4392.80	43.7100	4.8200
2011-01-26 4319.69	42.9700	4.7400
2011-01-25 4238.94	42.1300	4.6500
2011-01-24 4301.90	42.7600	4.7400
2011-01-21 4438.24	44.1400	4.8900
2011-01-20 4414.25	43.9100	4.8600
2011-01-19 4576.30	45.5200	5.0400
2011-01-18 4470.39	44.4600	4.9300
2011-01-17 4457.76	44.3200	4.9200
2011-01-14 4665.24	46.4200	5.1600
2011-01-13 4765.78	47.4200	5.2700
2011-01-12 4760.42	47.3700	5.2700
2011-01-11 4737.11	47.1400	5.2500
2011-01-10 4795.78	47.7200	5.3200
2011-01-07 4922.02	48.9400	5.4700
2011-01-06 4959.85	49.2800	5.5100
2011-01-05 4997.84	49.6400	5.5500
2011-01-04 5007.77	49.7000	5.5600
2010-12-31 4950.37	46.1300	5.7700
2010-12-30 4839.91	45.1900	5.6600
2010-12-29 4804.15	44.8700	5.6400
2010-12-28 4687.08	43.7200	5.5000
2010-12-27 4774.82	44.4800	5.6000
2010-12-24 4909.39	45.8100	5.7200
2010-12-23 5016.23	46.7800	5.8500
2010-12-22 5121.21	47.7700	5.9700
2010-12-21 5166.01	48.1600	6.0200
2010-12-20 5127.11	47.7700	5.9800
2010-12-17 5171.98	48.1600	6.0300
2010-12-16 5159.14	48.1200	6.0400
2010-12-15 5148.77	47.9900	6.0300
2010-12-14 5168.19	47.9600	6.0500
2010-12-13 5106.73	47.4200	5.9900
2010-12-10 4963.20	46.0800	5.8200
2010-12-09 4889.56	45.3700	5.7500
2010-12-08 4980.76	46.1800	5.8500
2010-12-07 4988.94	46.2500	5.8700
2010-12-06 4892.92	45.3600	5.7600
2010-12-03 4968.47	46.3200	5.8600
2010-12-02 5011.84	46.5700	5.9000
2010-12-01 4989.16	46.3200	5.8800
2010-11-30 4995.13	46.3800	5.9100
2010-11-29 5120.00	47.5100	6.0600
2010-11-26 5095.56	47.3000	6.0400
2010-11-25 5115.53	47.4500	6.0600
2010-11-24 5110.40	47.3400	6.0700
2010-11-23 4989.07	46.2300	5.9400
2010-11-22 5028.10	46.5900	5.9900
2010-11-19 4938.31	45.6200	5.8700
2010-11-18 4767.12	43.9300	5.6500
2010-11-17 4677.76	43.1100	5.5500
2010-11-16 4836.97	44.6000	5.7400
2010-11-15 5005.82	46.1100	5.9500
2010-11-12 4865.55	44.7800	5.7900
2010-11-11 5186.54	47.6700	6.1700
2010-11-10 5228.56	48.0400	6.2200
2010-11-09 5186.39	47.6400	6.1700
2010-11-08 5157.98	47.3700	6.1300
2010-11-05 5054.87	46.3300	5.9100
2010-11-04 4979.98	45.6200	5.8300
2010-11-03 4872.31	44.6300	5.7000
2010-11-02 4960.42	45.4200	5.8100
2010-11-01 5013.14	45.8800	5.8900
2010-10-29 4876.74	44.6400	5.7600
2010-10-28 4798.26	43.8700	5.6000
2010-10-27 4777.53	43.7400	5.6100
2010-10-26 4806.05	44.0000	5.6700
2010-10-25 4786.89	43.8400	5.6100
2010-10-22 4650.68	42.1500	5.5500
2010-10-21 4582.87	41.5100	5.5000
2010-10-20 4530.95	40.9800	5.4600
2010-10-19 4501.30	40.7000	5.4400
2010-10-18 4349.65	39.3300	5.2800
2010-10-15 4439.55	40.1400	5.3900
2010-10-14 4443.87	40.1800	5.3900
2010-10-13 4561.41	41.2300	5.5400
2010-10-12 4542.27	41.0200	5.5200
2010-10-11 4530.92	40.7900	5.5000
2010-10-08 4539.85	40.8800	5.5700
2010-09-30 4431.07	39.8800	5.4500
2010-09-29 4365.67	39.2500	5.3800
2010-09-28 4416.17	39.6700	5.4500
2010-09-27 4438.39	39.8400	5.4800
2010-09-21 4327.92	38.7700	5.3500
2010-09-20 4336.71	38.8200	5.3600
2010-09-17 4376.89	39.1700	5.4100
2010-09-16 4377.59	39.1700	5.4100
2010-09-15 4490.63	39.8500	5.5400
2010-09-14 4582.05	40.6100	5.6500
2010-09-13 4561.36	40.4300	5.6200
2010-09-10 4479.73	39.6700	5.5200
2010-09-09 4430.24	39.2200	5.4600
2010-09-08 4490.72	39.7600	5.5300
2010-09-07 4443.91	39.3300	5.4700
2010-09-06 4418.70	39.0500	5.4500
2010-09-03 4453.32	39.3900	5.4900
2010-09-02 4431.00	39.1000	5.4600
2010-09-01 4353.25	38.4100	5.3700
2010-08-31 4409.60	48.4200	5.4400
2010-08-30 4363.13	47.9300	5.4000
2010-08-27 4239.39	46.5500	5.2800
2010-08-26 4185.67	45.9700	5.2200
2010-08-25 4148.03	45.5500	5.1800
2010-08-24 4225.83	46.3700	5.3000
2010-08-23 4167.99	45.7200	5.2300
2010-08-20 4141.27	45.2400	5.2700
2010-08-19 4246.15	46.3900	5.4000
2010-08-18 4236.21	46.2900	5.4000
2010-08-17 4229.99	46.2200	5.4000
2010-08-16 4180.94	45.5900	5.3500
2010-08-13 4082.82	44.3500	5.2200
2010-08-12 4005.43	43.5200	5.1100
2010-08-11 4035.97	43.9000	5.1500
2010-08-10 3990.37	43.7500	5.1100
2010-08-09 4130.50	45.2400	5.3100
2010-08-06 4068.89	44.5900	5.2300
2010-08-05 3986.36	43.6600	5.1300
2010-08-04 3958.06	43.3600	5.1000
2010-08-03 3925.14	42.9800	5.0500
2010-08-02 3989.44	43.6900	5.1400
2010-07-30 3909.81	42.8400	5.0500
2010-07-29 3909.70	42.8400	5.0500
2010-07-28 3903.01	42.7800	5.0600
2010-07-27 3818.36	41.8400	4.9500
2010-07-26 3816.39	41.8100	4.9600
2010-07-23 3764.30	41.2300	4.8900
2010-07-22 3750.25	41.0200	4.8800
2010-07-21 3697.32	40.4500	4.8100
2010-07-20 3692.61	40.3800	4.8000
2010-07-19 3583.35	39.1700	4.6700
2010-07-16 3502.05	38.9600	4.6200
2010-07-15 3497.01	38.9000	4.6100
2010-07-14 3580.38	39.8300	4.7200
2010-07-13 3571.17	39.7400	4.7100
2010-07-12 3616.02	40.2600	4.7800
2010-07-09 3584.02	39.9000	4.7300
2010-07-08 3491.56	38.8600	4.6100
2010-07-07 3496.73	38.9100	4.6200
2010-07-06 3451.25	38.4000	4.5500
2010-07-05 3353.46	37.3100	4.4300
2010-07-02 3366.16	37.4200	4.4400
2010-07-01 3411.76	37.9100	4.5000
2010-06-30 3459.77	38.4300	4.5600
2010-06-29 3495.56	38.7500	4.6200
2010-06-28 3688.12	40.8900	4.8700
2010-06-25 3740.41	41.4700	4.9500
2010-06-24 3811.00	42.2400	5.0400
2010-06-23 3808.87	42.2000	5.0400
2010-06-22 3804.68	42.1400	5.0500
2010-06-21 3772.46	41.6900	5.0000
2010-06-18 3677.44	40.6500	4.8800
2010-06-17 3849.41	42.5200	5.1100
2010-06-11 3934.77	43.3400	5.2200
2010-06-10 3960.57	43.6400	5.2600
2010-06-09 3931.26	43.2700	5.2400
2010-06-08 3848.75	42.3600	5.1300
2010-06-07 3800.79	41.8300	5.0700
2010-06-04 3776.36	41.5500	5.0400
2010-06-03 3727.39	40.9600	4.9700
2010-06-02 3733.52	40.9900	4.9800
2010-06-01 3685.22	40.4600	4.9100
2010-05-31 3752.64	41.1600	5.0100
2010-05-28 3852.82	42.2500	5.1500
2010-05-27 3833.99	42.0300	5.1300
2010-05-26 3758.25	41.2300	5.0200
2010-05-25 3764.01	41.3000	5.0200
2010-05-24 3797.35	41.6200	5.0700
2010-05-21 3645.14	39.9600	4.8700
2010-05-20 3554.35	38.9600	4.7500
2010-05-19 3598.31	39.4600	4.8000
2010-05-18 3565.39	39.0900	4.7500
2010-05-17 3521.31	38.5800	4.7000
2010-05-14 3725.44	40.7600	4.9800
2010-05-13 3693.41	40.4400	4.9200
2010-05-12 3579.90	39.0800	4.7600
2010-05-11 3673.81	40.1200	4.8800
2010-05-10 3770.89	41.1700	5.0100
2010-05-07 3869.93	42.2800	5.1400
2010-05-06 3950.73	43.1800	5.2500
2010-05-05 4062.69	45.2200	5.5000
2010-05-04 3937.91	43.8300	5.3200
2010-04-30 3937.00	52.3400	5.3200
2010-04-29 4050.54	53.8600	5.4600
2010-04-28 4184.77	55.7000	5.6900
2010-04-27 4204.80	55.9400	5.6600
2010-04-26 4328.82	57.5600	5.8300
2010-04-23 4315.64	57.3700	5.8600
2010-04-22 4353.16	57.8000	5.9900
2010-04-21 4316.18	57.2600	5.9900
2010-04-20 4174.00	55.3000	5.8400
2010-04-19 4114.05	54.3800	5.8400
2010-04-16 4245.35	57.4700	5.9800
2010-04-15 4228.83	57.2400	5.9300
2010-04-14 4296.99	58.1400	6.0200
2010-04-13 4264.72	57.6700	5.9700
2010-04-12 4371.76	59.0500	6.1100
2010-04-09 4307.95	58.2300	6.0500
2010-04-08 4230.58	57.0600	5.9400
2010-04-07 4221.45	56.9200	5.9200
2010-04-06 4185.03	56.4500	5.8700
2010-04-02 4168.23	56.2700	5.8400
2010-04-01 4160.68	56.1700	5.8200
2010-03-31 4104.40	55.3900	5.7400
2010-03-30 4068.84	54.9000	5.7000
2010-03-29 4023.87	54.6700	5.6400
2010-03-26 4003.29	54.3200	5.6100
2010-03-25 3965.96	53.7700	5.5500
2010-03-24 3995.88	54.1700	5.6000
2010-03-23 3956.01	53.6500	5.5500
2010-03-22 3968.69	53.7800	5.5600
2010-03-19 3942.17	53.3800	5.5300
2010-03-18 3913.84	52.9900	5.4900
2010-03-17 3912.87	52.9600	5.5000
2010-03-16 3810.93	51.5400	5.3600
2010-03-15 3787.13	51.2100	5.3500
2010-03-12 3817.07	51.6200	5.3900
2010-03-11 3868.47	52.3300	5.4700
2010-03-10 3881.89	52.5300	5.4900
2010-03-09 3926.47	53.1600	5.5600
2010-03-08 3929.78	53.2100	5.5700
2010-03-05 3883.78	52.5800	5.5000
2010-03-04 3881.18	52.5700	5.5000
2010-03-03 4010.19	54.2900	5.7000
2010-03-02 3963.09	53.6400	5.6300
2010-03-01 3953.94	53.4900	5.6200
2010-02-26 3915.09	52.9300	5.5700
2010-02-25 3912.66	52.9100	5.5700
2010-02-24 3842.74	51.9600	5.4800
2010-02-23 3744.58	50.5200	5.3800
2010-02-22 3727.39	50.0500	5.3600
2010-02-12 3739.16	50.2600	5.3700
2010-02-11 3681.81	49.4500	5.2900
2010-02-10 3685.95	49.4700	5.3000
2010-02-09 3626.80	48.6500	5.2100
2010-02-08 3622.19	48.5800	5.2100
2010-02-05 3619.76	48.5700	5.2000
2010-02-04 3698.14	49.6500	5.3100
2010-02-03 3694.47	49.6200	5.3100
2010-02-02 3652.89	49.1000	5.2600
2010-02-01 3684.95	49.5500	5.3200
2010-01-29 3754.76	50.4900	5.4200
2010-01-28 3714.12	49.8600	5.3500
2010-01-27 3667.44	49.2200	5.2800
2010-01-26 3691.80	49.5500	5.3100
2010-01-25 3803.49	51.0200	5.4700
2010-01-22 3839.53	51.5100	5.5200
2010-01-21 3957.75	53.0700	5.6900
2010-01-20 3941.91	52.8600	5.6700
2010-01-19 4124.72	55.2800	5.9400
2010-01-18 4151.61	55.6300	5.9800
2010-01-15 4104.60	55.0200	5.9100
2010-01-14 4069.73	54.5500	5.8600
2010-01-13 3966.96	53.1600	5.7100
2010-01-12 3984.26	53.3600	5.7500
2010-01-11 3894.34	52.1000	5.6200
2010-01-08 3859.52	51.6400	5.5700
2010-01-07 3822.19	51.1200	5.5200
2010-01-06 3913.34	52.3000	5.6600
2010-01-05 3928.23	52.4900	5.6800
2010-01-04 3876.97	51.8100	5.6100
2009-12-31 3858.17	51.5600	5.5800
2009-12-30 3825.50	51.1000	5.6200
2009-12-29 3845.41	51.0300	5.6400
2009-12-28 3807.39	50.4400	5.5900
2009-12-25 3748.43	49.6700	5.5000
2009-12-24 3733.48	49.4300	5.4800
2009-12-23 3607.71	47.7600	5.3000
2009-12-22 3526.24	46.6800	5.1900
2009-12-21 3595.14	47.5600	5.2800
2009-12-18 3554.80	47.0500	5.2300
2009-12-17 3665.12	48.4100	5.3900
2009-12-16 3777.54	49.9000	5.5600
2009-12-15 3809.38	50.3000	5.6100
2009-12-14 3795.20	50.0700	5.5700
2009-12-11 3802.02	50.1400	5.5800
2009-12-10 3800.44	50.1200	5.5800
2009-12-09 3766.41	49.5400	5.5300
2009-12-08 3821.11	50.2600	5.6200
2009-12-07 3830.30	50.4100	5.6400
2009-12-04 3767.39	49.5600	5.5400
2009-12-03 3865.65	50.6700	5.7000
2009-12-02 3833.93	50.2300	5.6500
2009-12-01 3790.81	49.6900	5.5900
2009-11-30 3693.70	48.4100	5.4500
2009-11-27 3535.39	46.2900	5.2200
2009-11-26 3599.33	47.0800	5.3100
2009-11-25 3765.41	49.2900	5.5500
2009-11-24 3640.89	47.6700	5.3600
2009-11-23 3829.22	50.1500	5.6500
2009-11-20 3757.65	49.2000	5.5500
2009-11-19 3744.92	48.9200	5.5200
2009-11-18 3687.67	48.1800	5.4400
2009-11-17 3676.88	47.9600	5.4300
2009-11-16 3664.80	47.8200	5.3900
2009-11-13 3589.20	47.0900	5.3100
2009-11-12 3528.55	46.3200	5.2000
2009-11-11 3499.34	45.9400	5.1500
2009-11-10 3491.57	45.8300	5.1400
2009-11-09 3489.27	45.7700	5.1400
2009-11-06 3467.97	45.5100	5.1000
2009-11-05 3469.00	45.5500	5.1000
2009-11-04 3450.32	45.3300	5.0800
2009-11-03 3416.00	44.8700	5.0300
2009-11-02 3353.27	44.0700	4.9400
2009-10-30 3243.47	42.6000	4.8000
2009-10-29 3210.80	42.0800	4.7700
2009-10-28 3254.92	42.6500	4.8500
2009-10-27 3221.11	42.1500	4.8200
2009-10-26 3295.56	43.1500	4.9500
2009-10-23 3271.11	42.8100	4.9500
2009-10-22 3229.83	42.2400	4.9200
2009-10-21 3217.08	42.0700	4.9400
2009-10-20 3262.26	42.6800	5.0200
2009-10-19 3209.98	42.0000	4.9500
2009-10-16 3144.56	41.1400	4.8500
2009-10-15 3139.01	41.0900	4.8400
2009-10-14 3137.65	41.0600	4.8400
2009-10-13 3136.55	41.0300	4.8400
2009-10-12 3098.33	40.5500	4.7800
2009-10-09 3095.30	40.5300	4.7900
2009-09-30 2945.24	38.5400	4.5700
2009-09-29 2907.87	38.0400	4.5100
2009-09-28 2968.15	38.8100	4.6100
2009-09-25 3019.38	39.3500	4.6900
2009-09-24 3033.31	39.5000	4.7100
2009-09-23 3070.27	39.9700	4.7600
2009-09-22 3165.24	41.2200	4.9100
2009-09-21 3215.86	41.8800	4.9900
2009-09-18 3160.21	41.1400	4.9000
2009-09-17 3256.94	42.4000	5.0500
2009-09-16 3177.51	41.2300	4.9300
2009-09-15 3171.97	41.1500	4.9200
2009-09-14 3136.05	40.6700	4.8800
2009-09-11 3070.30	39.8200	4.7800
2009-09-10 3013.76	39.0800	4.6900
2009-09-09 3040.73	39.4000	4.7400
2009-09-08 3009.90	39.0000	4.6900
2009-09-07 2957.25	38.3000	4.6100
2009-09-04 2894.37	37.4800	4.5400
2009-09-03 2856.84	36.9400	4.4700
2009-09-02 2730.05	35.3100	4.2800
2009-09-01 2724.45	35.2400	4.2700
2009-08-31 2740.68	33.8800	4.2900
2009-08-28 2931.08	36.2400	4.6200
2009-08-27 3005.58	37.0900	4.7500
2009-08-26 2975.67	36.6900	4.7100
2009-08-25 2889.44	35.6200	4.5800
2009-08-24 2927.65	36.0900	4.6500
2009-08-21 2850.36	35.1600	4.4500
2009-08-20 2770.44	34.1800	4.3300
2009-08-19 2668.86	32.9200	4.1800
2009-08-18 2788.07	36.2500	4.3400
2009-08-17 2744.73	35.6200	4.2800
2009-08-14 2946.48	38.2000	4.5900
2009-08-13 3072.91	39.8700	4.7900
2009-08-12 3072.97	39.8700	4.7900
2009-08-11 3225.24	41.8600	5.0400
2009-08-10 3201.53	41.5100	5.0000
2009-08-07 3171.73	41.0700	4.9500
2009-08-06 3264.02	42.2900	5.0900
2009-08-05 3292.92	42.6800	5.1400
2009-08-04 3265.45	42.3300	5.1000
2009-08-03 3220.33	41.7600	5.0300
2009-07-31 3163.63	41.0500	5.0000
2009-07-30 3080.63	40.0000	4.8600
2009-07-29 3044.72	39.5100	4.8100
2009-07-28 3226.86	41.8500	5.1000
2009-07-27 3167.42	41.0500	5.0100
2009-07-24 3108.20	40.3900	4.9300
2009-07-23 3135.10	40.7000	4.9700
2009-07-22 3123.30	40.5300	4.9500
2009-07-21 3082.88	40.0200	4.8800
2009-07-20 3178.89	41.2800	5.0400
2009-07-17 3113.44	40.4700	4.9400
2009-07-16 3098.71	40.1900	4.9000
2009-07-15 3117.57	40.4200	4.9400
2009-07-14 3106.63	40.3100	4.9200
2009-07-13 3056.46	39.6400	4.8400
2009-07-10 3027.62	39.2500	4.7900
2009-07-09 3030.62	39.3000	4.8000
2009-07-08 2957.67	38.3600	4.6800
2009-07-07 2930.78	38.0200	4.6400
2009-07-06 2912.64	37.7700	4.6100
2009-07-03 2916.46	37.8300	4.6200
2009-07-02 2916.18	37.8100	4.6100
2009-07-01 2885.51	37.4300	4.5700
2009-06-30 2868.01	37.2000	4.5400
2009-06-29 2872.90	37.2300	4.5500
2009-06-26 2876.26	37.3000	4.5600
2009-06-25 2879.66	37.1300	4.5800
2009-06-24 2875.96	37.0800	4.5800
2009-06-23 2843.19	36.6800	4.5200
2009-06-22 2853.86	36.8300	4.5400
2009-06-19 2860.09	36.8800	4.5500
2009-06-18 2874.75	37.1800	4.5800
2009-06-17 2847.17	36.8300	4.5400
2009-06-16 2820.10	36.4700	4.4900
2009-06-15 2818.26	36.4500	4.4900
2009-06-12 2767.09	35.7600	4.4100
2009-06-11 2823.04	36.4700	4.4900
2009-06-10 2835.38	36.6500	4.5100
2009-06-09 2800.77	36.2100	4.4500
2009-06-08 2777.65	35.9200	4.4300
2009-06-05 2800.04	36.2300	4.4600
2009-06-04 2806.23	36.3100	4.4800
2009-06-03 2812.50	36.4000	4.4800
2009-06-02 2800.22	36.2400	4.4600
2009-06-01 2794.32	36.1700	4.4500
2009-05-27 2757.24	35.7500	4.3900
2009-05-26 2759.13	35.8200	4.3900
2009-05-25 2742.60	35.5600	4.3600
2009-05-22 2734.40	35.4300	4.3500
2009-05-21 2738.49	35.5400	4.3500
2009-05-20 2790.30	36.2100	4.4300
2009-05-19 2798.69	36.2800	4.4400
2009-05-18 2778.17	36.0400	4.4200
2009-05-15 2767.53	35.9400	4.4000
2009-05-14 2742.26	35.6000	4.3600
2009-05-13 2742.44	35.5900	4.3600
2009-05-12 2702.79	35.0700	4.2900
2009-05-11 2646.04	34.3400	4.2000
2009-05-08 2749.32	35.6200	4.3600
2009-05-07 2776.54	35.9700	4.4000
2009-05-06 2789.76	36.1600	4.4200
2009-05-05 2734.10	35.4500	4.3300
2009-05-04 2710.54	35.1600	4.3000
2009-04-30 2630.66	31.4600	4.1700
2009-04-29 2599.88	31.1100	4.1300
2009-04-28 2544.84	30.4700	4.0400
2009-04-27 2529.48	30.2600	4.0300
2009-04-24 2629.21	31.4700	4.2200
2009-04-23 2629.34	31.4700	4.2200
2009-04-22 2606.77	31.2000	4.1900
2009-04-21 2735.36	32.7300	4.4000
2009-04-20 2742.88	32.8500	4.4000
2009-04-17 2671.07	31.9800	4.2900
2009-04-16 2719.38	32.5700	4.3700
2009-04-15 2726.86	32.6600	4.3800
2009-04-14 2702.02	32.3600	4.3400
2009-04-13 2644.28	31.6900	4.2500
2009-04-10 2587.53	30.9800	4.1500
2009-04-09 2497.97	29.9300	4.0100
2009-04-08 2455.59	29.4400	3.9400
2009-04-07 2535.47	30.3900	4.0700
2009-04-03 2505.47	30.0600	4.0300
2009-04-02 2505.56	30.0600	4.0200
2009-04-01 2466.50	29.5300	3.9600
2009-03-31 2420.36	28.9700	3.8900
2009-03-30 2396.86	28.6600	3.8600
2009-03-27 2390.61	28.5800	3.8400
2009-03-26 2371.13	28.4000	3.8100
2009-03-25 2323.43	27.8500	3.7400
2009-03-24 2374.32	28.4800	3.8300
2009-03-23 2351.19	28.2700	3.8000
2009-03-20 2308.78	27.7700	3.7500
2009-03-19 2319.63	27.9200	3.7600
2009-03-18 2276.14	27.4200	3.7000
2009-03-17 2250.55	27.1100	3.6600
2009-03-16 2171.89	26.2000	3.5300
2009-03-13 2148.76	25.9300	3.5000
2009-03-12 2153.14	25.9900	3.5000
2009-03-11 2152.83	25.9900	3.5000
2009-03-10 2169.21	26.1700	3.5300
2009-03-09 2126.53	25.6600	3.4600
2009-03-06 2208.18	26.5800	3.5900
2009-03-05 2217.43	26.6400	3.6200
2009-03-04 2209.14	26.5900	3.6000
2009-03-03 2086.82	25.1200	3.4000
2009-03-02 2077.88	25.0100	3.3800
2009-02-27 2040.10	24.5300	3.3500
2009-02-26 2130.47	25.5700	3.5000
2009-02-25 2274.01	27.2400	3.7400
2009-02-24 2268.41	27.1900	3.7300
2009-02-23 2372.74	28.4700	3.9000
2009-02-20 2310.93	27.8400	3.8000
2009-02-19 2236.99	26.9700	3.6700
2009-02-18 2191.45	26.3900	3.6000
2009-02-17 2280.89	27.4500	3.7600
2009-02-16 2352.77	28.2900	3.8800
2009-02-13 2333.19	28.0900	3.8400
2009-02-12 2261.70	27.2300	3.7300
2009-02-11 2238.45	26.9600	3.6900
2009-02-10 2241.78	27.0200	3.6900
2009-02-09 2195.19	26.4700	3.6200
2009-02-06 2122.56	25.6000	3.5000
2009-02-05 2039.89	24.6100	3.3600
2009-02-04 2077.80	25.0800	3.4200
2009-02-03 2044.48	24.6800	3.3700
2009-02-02 2002.09	24.1800	3.3000
2009-01-23 1954.91	23.6400	3.2200
2009-01-22 1968.69	23.8000	3.2500
2009-01-21 1942.49	23.4900	3.2000
2009-01-20 1975.58	23.8900	3.2600
2009-01-19 1948.47	23.5600	3.2200
2009-01-16 1953.98	23.6200	3.2200
2009-01-15 1957.93	23.7000	3.2300
2009-01-14 1952.94	23.6400	3.2200
2009-01-13 1878.13	22.7500	3.1000
2009-01-12 1950.80	23.6200	3.2200
2009-01-09 1932.21	23.4400	3.1900
2009-01-08 1871.05	22.7100	3.0900
2009-01-07 1902.06	23.0800	3.1400
2009-01-06 1895.52	23.0000	3.1300
2009-01-05 1866.44	22.6800	3.0900
2008-12-31 1806.39	21.8900	3.0000
2008-12-30 1813.24	21.9700	3.0100
2008-12-29 1799.26	21.8100	2.9900
2008-12-26 1805.08	21.8900	3.0000
2008-12-25 1789.18	21.2000	2.9200
2008-12-24 1775.76	21.0600	2.9000
2008-12-23 1817.76	21.5500	2.9700
2008-12-22 1937.72	22.9700	3.1700
2008-12-19 1901.62	22.5700	3.1100
2008-12-18 1870.17	22.1900	3.0600
2008-12-17 1836.92	21.8000	3.0000
2008-12-16 1810.96	21.4900	2.9600
2008-12-15 1764.47	20.9200	2.8800
2008-12-12 1738.82	20.6300	2.8400
2008-12-11 1822.47	21.6300	2.9800
2008-12-10 1888.82	22.4200	3.0900
2008-12-09 1835.62	21.7800	3.0000
2008-12-08 1870.46	22.2000	3.0500
2008-12-05 1796.87	21.3200	2.9300
2008-12-04 1754.19	20.8200	2.8600
2008-12-03 1749.23	20.7600	2.8600
2008-12-02 1677.22	19.9000	2.7400
2008-12-01 1639.99	19.4600	2.6900
2008-11-28 1580.43	18.7800	2.5900
2008-11-27 1567.33	18.6800	2.5600
2008-11-26 1532.85	18.2000	2.5100
2008-11-25 1528.60	18.1500	2.5000
2008-11-24 1525.64	18.1000	2.5000
2008-11-21 1566.60	18.4400	2.5600
2008-11-20 1603.53	18.8500	2.6200
2008-11-19 1613.67	18.9800	2.6400
2008-11-18 1510.12	17.7300	2.4700
2008-11-17 1630.19	19.1400	2.6600
2008-11-14 1560.19	18.3400	2.5600
2008-11-13 1483.93	17.4100	2.4300
2008-11-12 1420.64	16.6700	2.3300
2008-11-11 1412.14	16.6200	2.3200
2008-11-10 1430.84	16.8400	2.3500
2008-11-07 1341.07	15.7800	2.2000
2008-11-06 1333.26	15.7200	2.1900
2008-11-05 1359.81	16.0400	2.2300
2008-11-04 1318.17	15.5500	2.1600
2008-11-03 1338.05	15.7900	2.2000
2008-10-31 1341.66	15.8000	2.2100
2008-10-30 1352.57	15.9300	2.2400
2008-10-29 1332.41	15.6600	2.2100
2008-10-28 1363.20	16.0600	2.2700
2008-10-27 1322.34	15.5300	2.2300
2008-10-24 1412.20	16.6000	2.4100
2008-10-23 1424.80	16.7500	2.4400
2008-10-22 1415.25	16.6400	2.4300
2008-10-21 1428.06	16.8000	2.4500
2008-10-20 1414.57	16.6200	2.4300
2008-10-17 1373.59	16.1500	2.3600
2008-10-16 1366.92	16.0900	2.3500
2008-10-15 1445.56	16.9900	2.4900
2008-10-14 1470.02	17.3000	2.5300
2008-10-13 1513.87	17.8300	2.6000
2008-10-10 1497.53	17.6500	2.5800
2008-10-09 1596.05	18.7900	2.7500
2008-10-08 1617.45	19.1600	2.7900
2008-10-07 1661.69	19.7400	2.8600
2008-10-06 1663.87	19.7200	2.8600
2008-09-26 1737.26	20.5800	2.9900
2008-09-25 1735.37	20.4500	2.9800
2008-09-24 1690.04	19.9200	2.9000
2008-09-23 1681.49	19.8300	2.8800
2008-09-22 1804.08	21.2800	3.1000
2008-09-19 1744.08	20.5200	3.0000
2008-09-18 1588.46	18.7000	2.7300
2008-09-17 1641.68	19.7300	2.8200
2008-09-16 1674.97	20.1300	2.8800
2008-09-12 1698.15	20.2100	2.9200
2008-09-11 1680.14	20.3900	2.8900
2008-09-10 1705.31	20.6400	2.9300
2008-09-09 1699.64	20.6200	2.9200
2008-09-08 1693.19	22.2400	2.9100
2008-09-05 1774.13	23.1800	3.0500
2008-09-04 1837.87	23.9400	3.1600
2008-09-03 1814.69	23.4800	3.1100
2008-09-02 1851.65	24.0200	3.1800
2008-09-01 1880.67	24.6400	3.2200
2008-08-29 1965.58	29.0700	3.5300
2008-08-28 1920.09	28.4300	3.4700
2008-08-27 1925.92	28.5200	3.4800
2008-08-26 1958.08	29.0100	3.5400
2008-08-25 2040.91	30.2400	3.6900
2008-08-22 2047.12	30.3400	3.7000
2008-08-21 2098.82	31.1100	3.8000
2008-08-20 2180.45	32.3000	3.9600
2008-08-19 2035.74	30.1400	3.7200
2008-08-18 2009.03	29.7400	3.6800
2008-08-15 2123.36	31.3800	3.9100
2008-08-14 2118.48	31.3100	3.9000
2008-08-13 2102.36	31.0700	3.8700
2008-08-12 2091.13	30.8500	3.8400
2008-08-11 2113.60	31.1700	3.9000
2008-08-08 2242.34	32.7800	4.0800
2008-08-07 2368.05	34.5800	4.3300
2008-08-06 2368.77	34.5900	4.3300
2008-08-05 2360.86	34.4800	4.3200
2008-08-04 2424.36	35.4100	4.4300
2008-08-01 2491.54	36.3400	4.5800
2008-07-31 2467.79	35.9900	4.5400
2008-07-30 2535.45	36.9900	4.6600
2008-07-29 2539.55	37.0200	4.6800
2008-07-28 2572.43	37.4900	4.7400
2008-07-25 2551.58	37.1700	4.7000
2008-07-24 2558.15	37.2600	4.7200
2008-07-23 2503.88	36.4900	4.6700
2008-07-22 2530.45	36.8800	4.7200
2008-07-21 2524.78	36.8100	4.7300
2008-07-18 2430.67	35.6900	4.5900
2008-07-17 2377.31	34.9100	4.4900
2008-07-16 2390.99	35.1200	4.5100
2008-07-15 2479.67	36.4200	4.6800
2008-07-14 2556.83	37.5600	4.8300
2008-07-11 2517.14	36.9800	4.7500
2008-07-10 2555.73	37.5500	4.8300
2008-07-09 2586.47	38.0000	4.8800
2008-07-08 2521.44	37.0800	4.7600
2008-07-07 2479.30	36.4600	4.6800
2008-07-04 2367.16	34.8100	4.4700
2008-07-03 2377.61	34.9600	4.4900
2008-07-02 2274.49	33.4400	4.2900
2008-07-01 2252.33	33.3300	4.2600
2008-06-30 2280.97	33.7400	4.3200
2008-06-27 2278.50	33.6600	4.3100
2008-06-26 2426.48	35.8300	4.5900
2008-06-25 2385.74	35.2400	4.5200
2008-06-24 2265.12	33.4600	4.2900
2008-06-23 2205.75	32.5900	4.1800
2008-06-20 2278.70	33.6700	4.3100
2008-06-19 2251.75	33.2500	4.2700
2008-06-18 2446.16	36.1200	4.6400
2008-06-17 2337.18	34.5200	4.4300
2008-06-16 2391.24	35.2800	4.5400
2008-06-13 2424.22	35.7600	4.6100
2008-06-12 2525.70	37.2500	4.8000
2008-06-11 2567.25	37.8700	4.8800
2008-06-10 2619.54	38.6200	4.9800
2008-06-06 2857.76	42.1600	5.4300
2008-06-05 2860.94	42.2100	5.4300
2008-06-04 2869.30	42.4400	5.4500
2008-06-03 2911.31	43.0600	5.5300
2008-06-02 2929.88	43.3500	5.5700
2008-05-30 2916.09	43.1600	5.5700
2008-05-29 2912.55	43.1400	5.5800
2008-05-28 2965.69	43.9300	5.6800
2008-05-27 2891.59	42.8200	5.5300
2008-05-26 2872.14	42.5100	5.4900
2008-05-23 2971.49	44.0000	5.6800
2008-05-22 2999.63	44.4100	5.5600
2008-05-21 3035.39	44.9500	5.6300
2008-05-20 2990.17	44.2700	5.5500
2008-05-19 3154.20	46.7200	5.8500
2008-05-16 3147.43	46.6100	5.8400
2008-05-15 3196.09	47.3500	5.9300
2008-05-14 3243.31	48.0800	6.0200
2008-05-13 3199.13	47.4400	5.9400
2008-05-12 3166.58	46.9800	5.8700
2008-05-09 3097.03	45.9400	5.7400
2008-05-08 3079.95	45.6800	5.7100
2008-05-07 2985.86	44.2900	5.5300
2008-05-06 3099.32	45.9800	5.7400
2008-05-05 3122.72	46.3100	5.7900
2008-04-30 3010.11	53.0400	5.5800
2008-04-29 2882.89	50.7800	5.4400
2008-04-28 2856.16	50.3100	5.3900
2008-04-25 2897.49	51.0600	5.4700
2008-04-24 2905.94	51.2900	5.4700
2008-04-23 2666.51	47.0600	5.0300
2008-04-22 2540.61	44.8400	4.8000
2008-04-21 2597.70	45.8600	4.9200
2008-04-18 2629.14	46.4300	5.0100
2008-04-17 2740.51	48.5200	5.2300
2008-04-16 2840.26	50.3200	5.4400
2008-04-15 2896.00	51.3100	5.5500
2008-04-14 2826.30	50.0800	5.4000
2008-04-11 2986.21	52.8600	5.7000
2008-04-10 2940.16	52.0900	5.6100
2008-04-09 2877.95	50.9200	5.5000
2008-04-08 3014.43	53.3300	5.7700
2008-04-07 2966.76	52.5300	5.6600
2008-04-03 2810.52	49.7700	5.3600
2008-04-02 2728.02	48.2900	5.2000
2008-04-01 2866.49	50.7100	5.4900
2008-03-31 3094.95	54.6900	5.9100
2008-03-28 3204.91	56.6100	6.1600
2008-03-27 3132.54	55.3200	5.9900
2008-03-26 3247.01	57.3100	6.2200
2008-03-25 3223.55	56.7300	6.1600
2008-03-24 3204.72	56.4400	6.1300
2008-03-21 3282.94	57.8300	6.2800
2008-03-20 3216.98	56.6000	6.1700
2008-03-19 3116.70	54.8400	5.9700
2008-03-18 3022.14	53.1700	5.7800
2008-03-17 3250.62	57.2200	6.2200
2008-03-14 3487.91	61.4200	6.6900
2008-03-13 3499.27	61.6600	6.7100
2008-03-12 3626.64	63.9800	6.9600
2008-03-11 3720.31	65.6600	7.1500
2008-03-10 3717.59	65.6700	7.1400
2008-03-07 3837.31	67.7700	7.3600
2008-03-06 3871.33	68.3700	7.4400
2008-03-05 3867.57	68.2400	7.4200
2008-03-04 3897.27	68.8100	7.4900
2008-03-03 3939.16	69.5200	7.5700
2008-02-29 3822.66	67.6100	7.3700
2008-02-28 3757.18	66.5000	7.3200
2008-02-27 3756.27	66.4700	7.3200
2008-02-26 3702.35	65.5100	7.2400
2008-02-25 3731.97	66.0800	7.3000
2008-02-22 3869.82	68.6200	7.5700
2008-02-21 3959.26	70.2400	7.7400
2008-02-20 3918.48	69.4700	7.6700
2008-02-19 3966.50	70.3600	7.7800
2008-02-18 3895.64	69.1400	7.6500
2008-02-15 3771.20	66.9700	7.4100
2008-02-14 3758.80	66.6700	7.4000
2008-02-13 3702.96	65.6700	7.2900
2008-02-05 3740.86	66.3000	7.3600
2008-02-04 3732.76	66.1600	7.3500
2008-02-01 3470.71	61.4600	6.8400
2008-01-31 3578.51	63.3700	7.0500
2008-01-30 3703.53	65.6600	7.3000
2008-01-29 3684.19	65.3300	7.2700
2008-01-28 3661.41	64.9400	7.2300
2008-01-25 3892.53	69.3800	7.7200
2008-01-24 3914.68	69.7800	7.7700
2008-01-23 3829.31	68.2600	7.6000
2008-01-22 3656.70	65.1700	7.2500
2008-01-21 3948.96	70.3200	7.8400
2008-01-18 4081.39	72.6200	8.1400
2008-01-17 4063.83	72.3200	8.1000
2008-01-16 4119.08	73.3100	8.2100
2008-01-15 4165.27	74.1200	8.3300
2008-01-14 4113.46	73.1400	8.2200
2008-01-11 4056.93	72.3200	8.1300
2008-01-10 4043.98	72.0900	8.1000
2008-01-09 4047.07	72.1500	8.1100
2008-01-08 3962.64	70.6300	7.9400
2008-01-07 4043.55	72.0800	8.1000
2008-01-04 4035.86	71.7100	8.2500
2008-01-03 4049.16	71.2000	8.1900
2008-01-02 4019.34	70.7100	8.1300
2007-12-28 3916.17	68.8100	7.9600
2007-12-27 3906.06	68.6700	7.9500
2007-12-26 3890.68	68.3800	7.9200
2007-12-25 3776.62	66.4200	7.7000
2007-12-24 3727.18	65.4800	7.6000
2007-12-21 3642.19	63.6500	7.3700
2007-12-20 3595.62	62.9800	7.2700
2007-12-19 3553.93	62.2700	7.1900
2007-12-18 3505.84	61.4600	7.0900
2007-12-17 3582.75	62.8000	7.2500
2007-12-14 3512.04	61.5500	7.1100
2007-12-13 3448.46	60.4100	6.9900
2007-12-12 3550.22	62.2800	7.2100
2007-12-11 3534.34	62.0800	7.2000
2007-12-10 3484.82	61.2100	7.0900
2007-12-07 3347.09	59.1600	6.8500
2007-12-06 3325.04	58.7800	6.8100
2007-12-05 3299.20	58.3400	6.7700
2007-12-04 3201.12	56.6000	6.5700
2007-12-03 3175.36	56.1400	6.5100
2007-11-30 3159.78	55.8800	6.4900
2007-11-29 3209.20	56.7500	6.5900
2007-11-28 3125.89	55.3600	6.4200
2007-11-27 3163.84	56.0300	6.5100
2007-11-26 3225.36	57.1200	6.6400
2007-11-23 3248.41	57.5800	6.6900
2007-11-22 3197.15	56.5800	6.6000
2007-11-21 3327.41	58.7900	6.8600
2007-11-20 3317.83	58.6100	6.8400
2007-11-19 3284.32	58.0300	6.7900
2007-11-16 3197.49	56.4600	6.6100
2007-11-15 3200.03	56.4700	6.6200
2007-11-14 3238.67	57.2200	6.7000
2007-11-13 3124.69	55.1200	6.5500
2007-11-12 3109.24	54.8400	6.5100
2007-11-09 3192.14	56.3100	6.6900
2007-11-08 3251.78	57.3600	6.8200
2007-11-07 3346.09	58.9400	7.0200
2007-11-06 3351.91	59.0300	7.0300
2007-11-05 3325.98	58.5600	6.9800
2007-11-02 3282.89	57.7600	6.8900
2007-11-01 3373.95	59.4000	7.0800
2007-10-31 3457.59	60.9000	7.3600
2007-10-30 3375.03	59.4800	7.1900
2007-10-29 3373.77	59.4700	7.1800
2007-10-26 3341.99	58.9200	7.1200
2007-10-25 3337.63	58.8600	7.1600
2007-10-24 3521.50	62.0400	7.5800
2007-10-23 3537.95	62.3200	7.6100
2007-10-22 3531.96	62.1400	7.6900
2007-10-19 3639.50	64.0400	7.9800
2007-10-18 3583.02	62.8500	7.8600
2007-10-17 3673.46	64.4900	8.2100
2007-10-16 3662.51	64.3200	8.1900
2007-10-15 3658.25	64.3000	8.1800
2007-10-12 3681.82	64.7100	8.2400
2007-10-11 3723.07	65.3800	8.3400
2007-10-10 3750.08	65.8700	8.4000
2007-10-09 3721.25	65.3400	8.3400
2007-10-08 3667.91	64.4400	8.2200
2007-09-28 3665.97	64.3800	8.2200
2007-09-27 3573.78	63.4400	8.0200
2007-09-26 3510.84	62.3100	7.8800
2007-09-25 3570.19	63.3500	8.0300
2007-09-24 3499.21	62.0500	7.8700
2007-09-21 3507.03	62.2100	7.8900
2007-09-20 3542.64	62.8500	7.9700
2007-09-19 3524.85	62.5800	7.9200
2007-09-18 3594.93	63.8400	8.0800
2007-09-17 3638.14	64.6000	8.1700
2007-09-14 3614.38	64.2000	8.1200
2007-09-13 3577.55	63.5400	8.0300
2007-09-12 3520.74	62.5200	7.9100
2007-09-11 3464.09	61.4800	7.7800
2007-09-10 3630.12	64.3900	8.1500
2007-09-07 3603.62	63.9800	8.0900
2007-09-06 3693.76	65.5800	8.3000
2007-09-05 3681.70	65.3600	8.2700
2007-09-04 3686.24	65.4300	8.2800
2007-09-03 3720.27	65.8500	8.4000
2007-08-31 3701.22	82.8600	8.3600
2007-08-30 3617.00	81.0600	8.1900
2007-08-29 3530.13	79.2200	8.0900
2007-08-28 3555.43	79.7800	8.2200
2007-08-27 3581.60	80.1700	8.2800
2007-08-24 3624.53	81.2000	8.3900
2007-08-23 3599.30	80.5000	8.3600
2007-08-22 3553.39	78.2400	8.1800
2007-08-21 3488.20	76.8000	8.0300
2007-08-20 3455.23	76.0600	8.0100
2007-08-17 3342.13	73.1600	7.7100
2007-08-16 3376.84	73.7100	7.9300
2007-08-15 3354.32	73.3200	7.8900
2007-08-14 3356.80	72.9800	7.9800
2007-08-13 3319.74	72.1700	7.8900
2007-08-10 3338.68	70.9800	7.6000
2007-08-09 3423.96	72.6000	7.8000
2007-08-08 3403.88	72.0900	7.7300
2007-08-07 3483.34	73.7900	7.9200
2007-08-06 3466.36	73.4200	7.8900
2007-08-03 3414.95	72.3900	7.6700
2007-08-02 3344.61	70.8900	7.5100
2007-08-01 3225.83	68.3900	7.2600
2007-07-31 3356.09	71.1200	7.5500
2007-07-30 3304.64	70.0300	7.4500
2007-07-27 3249.28	68.8200	7.3400
2007-07-26 3223.13	68.1000	7.3400
2007-07-25 3197.42	66.3700	7.2100
2007-07-24 3144.31	65.3900	7.1100
2007-07-23 3152.49	65.5700	7.1300
2007-07-20 3043.74	63.3100	6.8800
2007-07-19 2921.32	60.7400	6.6000
2007-07-18 2895.91	60.1700	6.5500
2007-07-17 2898.91	60.2700	6.5400
2007-07-16 2848.93	59.2100	6.4300
2007-07-13 2886.59	59.9600	6.5100
2007-07-12 2885.99	59.9500	6.5100
2007-07-11 2841.44	59.0500	6.4100
2007-07-10 2822.66	58.6700	6.3700
2007-07-09 2915.10	60.6000	6.5800
2007-07-06 2857.67	59.4100	6.4500
2007-07-05 2729.85	56.6600	6.1600
2007-07-04 2865.53	59.4800	6.4600
2007-07-03 2930.87	60.8300	6.6100
2007-07-02 2869.84	59.5500	6.4700
2007-06-29 2842.02	58.9900	6.4100
2007-06-28 2935.73	60.9300	6.6200
2007-06-27 3112.88	64.5800	7.0100
2007-06-26 3021.51	62.7600	6.8200
2007-06-25 2957.66	61.4300	6.6800
2007-06-22 3091.41	64.1700	6.9800
2007-06-21 3262.85	67.7200	7.3600
2007-06-20 3275.70	67.3400	7.2300
2007-06-19 3374.87	69.1800	7.4300
2007-06-18 3347.41	68.6700	7.3700
2007-06-15 3246.73	66.9900	7.1800
2007-06-14 3211.46	66.1700	7.1300
2007-06-13 3210.93	66.1700	7.1300
2007-06-12 3129.30	64.5000	6.9500
2007-06-11 3054.69	62.9000	6.8300
2007-06-08 2959.70	60.9400	6.6200
2007-06-07 2927.44	60.2800	6.5400
2007-06-06 2805.40	57.6400	6.2400
2007-06-05 2741.32	56.3300	6.1000
2007-06-04 2696.84	55.4800	6.0000
2007-06-01 2896.09	59.6400	6.4500
2007-05-31 3018.32	62.1400	6.7200
2007-05-30 2993.50	61.6000	6.6600
2007-05-29 3242.09	66.7000	7.2100
2007-05-28 3159.79	65.0000	7.0300
2007-05-25 3084.21	63.4600	6.8500
2007-05-24 3016.01	62.1200	6.7000
2007-05-23 3063.34	63.0800	6.8000
2007-05-22 3004.62	61.9000	6.6400
2007-05-21 2986.39	61.5300	6.6000
2007-05-18 2928.13	60.3200	6.4700
2007-05-17 2882.85	59.3200	6.3500
2007-05-16 2801.61	57.6900	6.1700
2007-05-15 2747.33	56.5800	6.0400
2007-05-14 2821.61	58.1300	6.2000
2007-05-11 2788.04	57.4500	6.1200
2007-05-10 2818.71	58.1400	6.2000
2007-05-09 2830.81	58.3900	6.2300
2007-05-08 2835.89	58.4900	6.2400
2007-04-30 2772.77	62.9600	6.1200
2007-04-27 2739.27	61.9200	6.0400
2007-04-26 2791.85	63.1700	6.1800
2007-04-25 2769.58	62.8500	6.2100
2007-04-24 2790.25	63.3200	6.2700
2007-04-23 2801.80	63.5700	6.3300
2007-04-20 2734.97	62.0400	6.1800
2007-04-19 2634.39	59.7600	6.0000
2007-04-18 2781.52	63.1800	6.3600
2007-04-17 2759.11	62.6700	6.3100
2007-04-16 2741.99	62.0300	6.3000
2007-04-13 2647.45	59.8500	6.0700
2007-04-12 2631.41	59.4300	6.0500
2007-04-11 2559.85	57.8900	5.8900
2007-04-10 2543.74	57.5000	5.8600
2007-04-09 2509.75	56.7200	5.7900
2007-04-06 2478.09	56.0200	5.7200
2007-04-05 2440.26	55.0900	5.6100
2007-04-04 2418.98	54.6400	5.5600
2007-04-03 2410.22	54.4400	5.5100
2007-04-02 2375.57	53.6400	5.4300
2007-03-30 2338.81	52.8200	5.3500
2007-03-29 2314.32	52.2900	5.2900
2007-03-28 2341.32	52.8200	5.3600
2007-03-27 2356.76	53.1900	5.3800
2007-03-26 2358.63	53.2900	5.3700
2007-03-23 2315.68	52.4000	5.2600
2007-03-22 2272.45	51.4500	5.1600
2007-03-21 2264.39	51.2500	5.1400
2007-03-20 2244.29	50.8200	5.1000
2007-03-19 2224.26	50.3600	5.0500
2007-03-16 2210.33	50.0200	5.0100
2007-03-15 2228.22	50.4200	5.0500
2007-03-14 2180.57	49.2600	4.9400
2007-03-13 2200.17	49.6700	4.9900
2007-03-12 2202.34	49.6500	4.9900
2007-03-09 2180.50	49.1700	4.9700
2007-03-08 2198.61	49.5700	5.0100
2007-03-07 2158.00	48.7300	4.9400
2007-03-06 2090.97	47.1900	4.7900
2007-03-05 2075.82	46.8300	4.7600
2007-03-02 2069.46	46.6500	4.7400
2007-03-01 2033.36	45.8200	4.6600
2007-02-28 2082.31	46.7700	4.7600
2007-02-27 2031.42	45.6200	4.6500
2007-02-26 2239.35	50.3900	5.1300
2007-02-16 2217.76	49.9300	5.0700
2007-02-15 2203.39	49.7600	5.0500
2007-02-14 2157.37	48.7000	4.9600
2007-02-13 2132.70	48.1400	4.9000
2007-02-12 2105.75	47.5100	4.8400
2007-02-09 2044.44	46.1100	4.7000
2007-02-08 2040.79	46.0400	4.6900
2007-02-07 2027.45	45.7700	4.6400
2007-02-06 2015.35	45.5000	4.6200
2007-02-05 2011.79	45.4300	4.6100
2007-02-02 2020.41	45.6000	4.6300
2007-02-01 2051.14	46.9900	4.7300
2007-01-31 2017.48	46.2100	4.6600
2007-01-30 2116.37	48.4900	4.8900
2007-01-29 2087.33	47.8000	4.8200
2007-01-26 2054.38	47.0600	4.7500
2007-01-25 2050.08	46.9700	4.7400
2007-01-24 2135.64	48.9100	4.9400
2007-01-23 2117.83	48.4700	4.9000
2007-01-22 2158.13	49.3900	4.9900
2007-01-19 2046.32	46.8100	4.7300
2007-01-18 1952.65	44.7400	4.5000
2007-01-17 1879.05	43.0400	4.3300
2007-01-16 1887.58	43.1900	4.3600
2007-01-15 1808.29	41.3500	4.1800
2007-01-12 1714.28	39.2000	3.9600
2007-01-11 1757.99	40.2600	4.0700
2007-01-10 1746.69	40.0000	4.0400
2007-01-09 1716.72	39.3100	3.9700
2007-01-08 1698.11	38.8800	3.9300
2007-01-05 1660.74	38.0600	3.8400
2007-01-04 1607.52	36.9500	3.7200
2006-12-29 1617.62	37.1600	3.7500
2006-12-28 1583.72	36.1800	3.6400
2006-12-27 1609.67	36.7100	3.6900
2006-12-26 1606.65	36.4500	3.7100
2006-12-25 1625.29	36.9100	3.7600
2006-12-22 1607.71	36.5300	3.7200
2006-12-21 1623.76	36.4600	3.7300
2006-12-20 1648.89	37.0200	3.7800
2006-12-19 1603.28	35.9700	3.6800
2006-12-18 1597.38	35.8300	3.6700
2006-12-15 1565.46	35.1100	3.6000
2006-12-14 1551.92	34.9700	3.6100
2006-12-13 1528.97	34.4500	3.5500
2006-12-12 1493.10	33.6200	3.4700
2006-12-11 1477.63	33.2600	3.4300
2006-12-08 1446.34	32.5600	3.3600
2006-12-07 1475.14	33.2000	3.4300
2006-12-06 1493.78	33.3800	3.4800
2006-12-05 1507.35	33.6900	3.5100
2006-12-04 1520.59	33.9500	3.5600
2006-12-01 1495.17	33.3800	3.5000
2006-11-30 1488.72	33.4000	3.4800
2006-11-29 1470.29	32.9800	3.4300
2006-11-28 1453.06	32.6200	3.3900
2006-11-27 1434.35	31.9800	3.3300
2006-11-24 1413.86	31.3900	3.2700
2006-11-23 1406.73	31.2400	3.2500
2006-11-22 1405.30	31.3200	3.2600
2006-11-21 1372.58	30.5800	3.1800
2006-11-20 1362.79	30.4400	3.1600
2006-11-17 1377.68	30.7500	3.2000
2006-11-16 1366.92	30.5300	3.1700
2006-11-15 1362.54	30.4200	3.1600
2006-11-14 1326.61	29.6700	3.0700
2006-11-13 1313.12	29.3700	3.0500
2006-11-10 1353.05	30.2300	3.1300
2006-11-09 1385.66	30.9900	3.2200
2006-11-08 1370.65	30.6900	3.1900
2006-11-07 1362.22	30.4600	3.1800
2006-11-06 1356.18	30.3200	3.1600
2006-11-03 1370.85	30.6200	3.2000
2006-11-02 1365.26	30.4100	3.1900
2006-11-01 1383.37	30.7900	3.2400
2006-10-31 1387.94	30.8300	3.2500
2006-10-30 1379.13	30.6500	3.2300
2006-10-27 1395.90	31.0700	3.2900
2006-10-26 1408.50	31.4500	3.3700
2006-10-25 1418.78	31.6800	3.3600
2006-10-24 1411.94	31.5300	3.3700
2006-10-23 1383.98	30.9100	3.3200
2006-10-20 1427.31	31.8600	3.4300
2006-10-19 1440.21	32.1700	3.4700
2006-10-18 1429.89	31.9300	3.4500
2006-10-17 1417.53	31.6500	3.4200
2006-10-16 1422.43	31.7600	3.4400
2006-10-13 1436.97	32.0600	3.4700
2006-10-12 1439.01	32.1000	3.4800
2006-10-11 1468.68	32.3600	3.4700
2006-10-10 1452.69	32.0100	3.4400
2006-10-09 1458.20	32.1400	3.4500
2006-09-29 1434.41	31.5300	3.4000
2006-09-28 1421.68	31.2400	3.3700
2006-09-27 1404.75	30.8700	3.3300
2006-09-26 1404.03	30.9000	3.3300
2006-09-25 1428.59	31.4400	3.3900
2006-09-22 1420.65	31.2500	3.3700
2006-09-21 1411.65	31.0000	3.3600
2006-09-20 1407.32	30.6700	3.3500
2006-09-19 1401.09	30.5300	3.3400
2006-09-18 1390.49	30.2900	3.3100
2006-09-15 1377.60	30.0100	3.2800
2006-09-14 1367.27	29.7900	3.2600
2006-09-13 1380.38	30.0800	3.2900
2006-09-12 1393.47	30.3600	3.3200
2006-09-11 1392.28	30.3500	3.3100
2006-09-08 1391.81	30.3600	3.3100
2006-09-07 1380.41	30.2900	3.2900
2006-09-06 1387.84	30.4500	3.3100
2006-09-05 1392.79	30.5700	3.3200
2006-09-04 1415.79	31.0700	3.3800
2006-09-01 1377.78	30.2400	3.2900
2006-08-31 1381.66	33.7800	3.3000
2006-08-30 1378.02	33.6900	3.2900
2006-08-29 1380.92	33.5500	3.2900
2006-08-28 1345.57	32.6900	3.2200
2006-08-25 1324.48	32.1800	3.1700
2006-08-24 1317.80	31.7200	3.1600
2006-08-23 1301.30	31.3400	3.1500
2006-08-22 1295.78	31.2000	3.1400
2006-08-21 1273.65	30.6700	3.0900
2006-08-18 1260.67	30.3600	3.0600
2006-08-17 1278.07	30.7800	3.1100
2006-08-16 1295.01	31.1800	3.1500
2006-08-15 1273.21	30.6600	3.1000
2006-08-14 1256.12	30.2500	3.0600
2006-08-11 1291.38	31.1000	3.1500
2006-08-10 1268.76	29.8500	2.9700
2006-08-09 1253.55	29.4900	2.9400
2006-08-08 1255.54	29.5300	2.9800
2006-08-07 1228.07	28.8600	2.9200
2006-08-04 1248.83	29.7400	2.9800
2006-08-03 1290.67	30.7400	3.0800
2006-08-02 1306.78	31.1200	3.1200
2006-08-01 1307.97	31.1500	3.1200
2006-07-31 1319.36	31.4200	3.1500
2006-07-28 1396.17	33.2500	3.3400
2006-07-27 1421.45	33.8500	3.4000
2006-07-26 1438.31	34.2600	3.4400
2006-07-25 1443.72	34.3800	3.4600
2006-07-24 1432.83	34.1300	3.4300
2006-07-21 1441.86	34.3400	3.4500
2006-07-20 1424.85	33.9500	3.4100
2006-07-19 1417.43	33.7800	3.3900
2006-07-18 1442.34	34.3700	3.4500
2006-07-17 1445.24	34.4400	3.4600
2006-07-14 1435.44	34.2100	3.4400
2006-07-13 1422.74	33.9100	3.4100
2006-07-12 1503.10	35.8200	3.6000
2006-07-11 1519.23	36.2100	3.6400
2006-07-10 1496.55	35.6700	3.5800
2006-07-07 1480.93	35.3000	3.5500
2006-07-06 1499.99	35.7500	3.5900
2006-07-05 1459.69	34.8000	3.4900
2006-07-04 1459.48	34.7900	3.4900
2006-07-03 1470.20	35.1000	3.5100
2006-06-30 1462.99	34.9300	3.4900
2006-06-29 1484.12	35.4300	3.5400
2006-06-28 1460.52	34.8700	3.4800
2006-06-27 1467.99	35.0600	3.5000
2006-06-26 1454.87	34.4300	3.4400
2006-06-23 1432.88	33.9100	3.3900
2006-06-22 1426.42	33.4500	3.5100
2006-06-21 1445.83	33.9100	3.5600
2006-06-20 1457.32	34.1800	3.5900
2006-06-19 1443.29	33.8500	3.5500
2006-06-16 1451.68	34.0700	3.5700
2006-06-15 1410.13	33.0900	3.4700
2006-06-14 1400.92	32.9100	3.4500
2006-06-13 1397.86	32.8400	3.4400
2006-06-12 1390.36	32.6800	3.4200
2006-06-09 1357.16	31.9100	3.3300
2006-06-08 1341.41	31.5400	3.2900
2006-06-07 1322.60	31.1000	3.2500
2006-06-06 1433.98	33.7300	3.5200
2006-06-05 1490.90	35.0700	3.6600
2006-06-02 1444.01	33.9700	3.5400
2006-06-01 1423.98	33.4900	3.4900
2006-05-31 1353.03	31.8300	3.3200
2006-05-30 1348.25	31.7300	3.3000
2006-05-29 1337.86	31.4800	3.2800
2006-05-26 1309.66	30.8400	3.2100
2006-05-25 1268.66	29.8700	3.1100
2006-05-24 1246.02	29.3700	3.0500
2006-05-23 1277.13	30.1000	3.1200
2006-05-22 1373.11	32.3700	3.3600
2006-05-19 1363.69	32.1600	3.3300
2006-05-18 1276.47	30.1100	3.1200
2006-05-17 1243.01	29.3300	3.0400
2006-05-16 1244.66	29.3800	3.0400
2006-05-15 1314.43	31.0200	3.2100
2006-05-12 1247.82	29.4600	3.0500
2006-05-11 1191.81	28.1400	2.9100
2006-05-10 1199.25	28.3100	2.9300
2006-05-09 1172.34	27.6800	2.8600
2006-05-08 1130.27	26.6800	2.7600
2006-04-28 1112.92	27.5200	2.7300
2006-04-27 1070.67	26.4800	2.6400
2006-04-26 1084.20	26.8300	2.6800
2006-04-25 1046.89	25.8800	2.5900
2006-04-24 1060.74	26.2500	2.6200
2006-04-21 1086.11	26.8800	2.6900
2006-04-20 1067.95	26.4100	2.6400
2006-04-19 1076.10	26.6100	2.6600
2006-04-18 1066.53	26.3700	2.6400
2006-04-17 1078.51	26.6700	2.6800
2006-04-14 1052.54	26.0200	2.6100
2006-04-13 1021.21	25.2400	2.5400
2006-04-12 1049.71	25.9500	2.6100
2006-04-11 1049.71	25.9600	2.6100
2006-04-10 1048.90	25.9600	2.6000
2006-04-07 1026.07	25.3900	2.5500
2006-04-06 1029.12	25.4800	2.5600
2006-04-05 1036.68	25.6500	2.5800
2006-04-04 1017.27	25.1600	2.5300
2006-04-03 998.33	24.6800	2.4800
2006-03-31 970.37	23.9800	2.4200
2006-03-30 960.67	23.7400	2.3900
2006-03-29 973.09	24.0400	2.4200
2006-03-28 969.51	23.9600	2.4200
2006-03-27 961.11	23.7500	2.4000
2006-03-24 949.45	23.4500	2.3700
2006-03-23 959.24	23.7000	2.4000
2006-03-22 943.30	23.3100	2.3600
2006-03-21 930.03	22.9800	2.3200
2006-03-20 926.78	22.9000	2.3200
2006-03-17 918.05	22.6900	2.3000
2006-03-16 922.65	22.8100	2.3100
2006-03-15 921.02	22.7600	2.3000
2006-03-14 906.36	22.3800	2.2700
2006-03-13 904.77	22.3500	2.2600
2006-03-10 900.22	22.2400	2.2500
2006-03-09 898.35	22.1900	2.2500
2006-03-08 901.92	22.2800	2.2600
2006-03-07 896.57	22.1500	2.2400
2006-03-06 925.72	22.8600	2.3200
2006-03-03 927.28	22.9000	2.3200
2006-03-02 923.01	22.7900	2.3100
2006-03-01 948.87	23.4300	2.3800
2006-02-28 927.08	22.8900	2.3300
2006-02-27 916.99	22.6300	2.3200
2006-02-24 929.36	22.9400	2.3500
2006-02-23 910.51	22.4800	2.3000
2006-02-22 918.19	22.6600	2.3200
2006-02-21 924.44	22.8100	2.3400
2006-02-20 899.77	22.1900	2.2700
2006-02-17 927.88	22.8900	2.3500
2006-02-16 944.15	23.3000	2.3900
2006-02-15 977.43	24.1100	2.4800
2006-02-14 984.52	24.2800	2.5000
2006-02-13 971.75	23.9500	2.4600
2006-02-10 957.37	23.5900	2.4300
2006-02-09 944.53	23.2900	2.3900
2006-02-08 946.86	23.3600	2.4000
2006-02-07 943.27	23.2700	2.3900
2006-02-06 955.14	23.5600	2.4200
2006-01-25 921.43	22.7200	2.3400
2006-01-24 940.23	23.1800	2.3800
2006-01-23 939.02	23.1400	2.3800
2006-01-20 949.33	23.4100	2.4100
2006-01-19 960.77	23.7000	2.4400
2006-01-18 964.81	23.8100	2.4500
2006-01-17 952.16	23.4900	2.4200
2006-01-16 948.87	23.4100	2.4100
2006-01-13 945.66	23.3200	2.4000
2006-01-12 943.52	23.2600	2.3900
2006-01-11 919.25	22.6600	2.3300
2006-01-10 937.49	23.1200	2.3800
2006-01-09 942.45	23.2400	2.3900
2006-01-06 918.41	22.6400	2.3300
2006-01-05 913.91	22.5400	2.3200
2006-01-04 906.57	22.3600	2.3000
2005-12-30 905.37	22.3300	2.3000
2005-12-29 920.01	22.6900	2.3400
2005-12-28 918.54	22.6500	2.3300
2005-12-27 902.82	22.2500	2.2900
2005-12-26 904.77	22.3100	2.3000
2005-12-23 890.02	21.9400	2.2600
2005-12-22 885.38	21.8100	2.2500
2005-12-21 868.82	21.3900	2.2100
2005-12-20 880.47	21.6900	2.2300
2005-12-19 887.28	21.8600	2.2500
2005-12-16 893.52	22.0300	2.2700
2005-12-15 877.98	21.6700	2.2300
2005-12-14 880.60	21.7300	2.2300
2005-12-13 869.93	21.4700	2.2100
2005-12-12 875.99	21.6200	2.2200
2005-12-09 874.83	21.5900	2.2200
2005-12-08 855.28	21.1100	2.1700
2005-12-07 859.38	21.2000	2.1800
2005-12-06 852.63	21.0400	2.1600
2005-12-05 854.34	21.0700	2.1700
2005-12-02 891.86	21.9900	2.2600
2005-12-01 897.39	22.1200	2.2800
2005-11-30 920.32	22.7700	2.3800
2005-11-29 886.40	21.9300	2.2700
2005-11-28 880.37	22.1200	2.2200
2005-11-25 890.93	22.7700	2.3500
2005-11-24 890.05	22.7700	2.3500
2005-11-23 889.69	22.8300	2.3500
2005-11-22 874.53	22.4400	2.3200
2005-11-21 884.98	22.9500	2.3500
2005-11-18 881.02	22.6800	2.3400
2005-11-17 852.31	22.0800	2.2700
2005-11-16 856.99	22.2000	2.2900
2005-11-15 849.92	22.0700	2.3000
2005-11-14 875.66	22.8900	2.3800
2005-11-11 881.41	22.9500	2.3900
2005-11-10 886.28	23.1300	2.4100
2005-11-09 893.53	23.8900	2.4700
2005-11-08 872.38	23.3700	2.4400
2005-11-07 870.55	23.2800	2.4500
2005-11-04 872.60	23.3700	2.4100
2005-11-03 861.94	23.6600	2.4700
2005-11-02 870.33	24.2600	2.5300
2005-11-01 864.11	23.8500	2.5200
2005-10-31 871.89	24.6100	2.5800
2005-10-28 870.20	25.1100	2.7200
2005-10-27 882.56	26.0200	2.7700
2005-10-26 881.96	26.0100	2.7600
2005-10-25 894.68	26.5300	2.8200
2005-10-24 899.37	26.7100	2.8900
2005-10-21 900.95	26.7800	2.9000
2005-10-20 899.91	26.7200	2.9000
2005-10-19 897.08	26.6400	2.8900
2005-10-18 900.33	26.7100	2.9000
2005-10-17 896.10	26.6500	2.8900
2005-10-14 890.31	26.4900	2.8700
2005-10-13 887.68	26.4200	2.8600
2005-10-12 883.32	26.2500	2.8500
2005-10-11 875.24	26.0000	2.8300
2005-10-10 866.17	25.7200	2.8100
2005-09-30 865.71	25.7200	2.8000
2005-09-29 857.73	25.5300	2.7800
2005-09-28 862.16	25.6600	2.7900
2005-09-27 866.46	25.8000	2.8100
2005-09-26 867.57	25.8400	2.8100
2005-09-23 861.08	25.6800	2.7900
2005-09-22 860.03	25.6300	2.7900
2005-09-21 878.33	26.1700	2.8400
2005-09-20 885.06	26.3600	2.8700
2005-09-19 879.45	26.1900	2.8500
2005-09-16 877.28	26.1200	2.8400
2005-09-15 884.74	26.3700	2.8700
2005-09-14 885.24	26.3700	2.8700
2005-09-13 882.92	26.2900	2.8600
2005-09-12 875.63	26.1000	2.8400
2005-09-09 874.34	26.0700	2.8300
2005-09-08 867.23	26.6900	2.8600
2005-09-07 873.50	26.5500	2.8700
2005-09-06 840.10	25.4800	2.7500
2005-09-05 862.69	26.1400	2.8300
2005-09-02 857.48	25.9400	2.8100
2005-09-01 842.21	25.4900	2.7600
2005-08-31 833.84	27.4400	2.7300
2005-08-30 809.59	26.6800	2.6600
2005-08-29 814.93	26.8600	2.6900
2005-08-26 827.26	27.2700	2.7300
2005-08-25 829.81	27.3100	2.7400
2005-08-24 826.10	27.1900	2.7300
2005-08-23 814.96	26.8200	2.6900
2005-08-22 814.77	26.8400	2.7000
2005-08-19 814.19	27.3000	2.7500
2005-08-18 817.28	27.1700	2.7800
2005-08-17 867.63	28.8300	2.9600
2005-08-16 845.29	28.0800	2.8800
2005-08-15 863.83	28.7000	2.9600
2005-08-12 823.56	27.3600	2.8200
2005-08-11 829.34	27.0200	2.6400
2005-08-10 832.74	27.8200	2.8500
2005-08-09 824.61	27.5700	2.8400
2005-08-08 814.47	27.5800	2.8400
2005-08-05 803.95	27.2000	2.7900
2005-08-04 777.25	26.3700	2.6800
2005-08-03 774.08	26.1400	2.6700
2005-08-02 770.64	26.0300	2.6600
2005-08-01 773.78	26.1300	2.6800
2005-07-29 760.77	25.6900	2.6300
2005-07-28 762.37	25.7500	2.6400
2005-07-27 759.93	25.6700	2.6400
2005-07-26 742.24	25.0700	2.5900
2005-07-25 736.17	24.8600	2.5600
2005-07-22 752.68	25.4200	2.6300
2005-07-21 747.58	25.2500	2.6100
2005-07-20 757.30	25.5800	2.6400
2005-07-19 747.57	25.2800	2.6000
2005-07-18 741.74	25.0800	2.5800
2005-07-15 737.66	24.9400	2.5700
2005-07-14 751.15	25.4000	2.6100
2005-07-13 745.31	25.2000	2.5100
2005-07-12 754.82	25.5200	2.5400
2005-07-11 716.92	24.2600	2.4100
2005-07-08 714.88	24.1900	2.4100
2005-07-07 734.97	24.8700	2.4700
2005-07-06 728.67	24.6500	2.4500
2005-07-05 748.04	25.3100	2.5200
2005-07-04 749.33	25.3500	2.5200
2005-07-01 735.78	24.8900	2.4800
2005-06-30 755.57	25.5600	2.5400
2005-06-29 779.32	26.3700	2.6200
2005-06-28 786.42	26.6100	2.6500
2005-06-27 799.27	27.0400	2.6900
2005-06-24 762.40	25.8000	2.5600
2005-06-23 753.21	25.4900	2.5300
2005-06-22 770.19	26.0800	2.5900
2005-06-21 767.88	26.0300	2.5900
2005-06-20 763.20	25.8700	2.5700
2005-06-17 721.47	24.4600	2.4300
2005-06-16 726.56	24.6300	2.4500
2005-06-15 692.02	23.4900	2.3300
2005-06-14 692.29	23.5000	2.3300
2005-06-13 711.00	24.1300	2.3900
2005-06-10 708.85	23.9100	2.3700
2005-06-09 728.70	24.6000	2.4400
2005-06-08 706.36	23.8800	2.3700
2005-06-07 645.01	21.8100	2.1600
2005-06-06 648.42	22.0200	2.1700
2005-06-03 625.97	21.2800	2.1000
2005-06-02 631.54	21.5200	2.1200
2005-06-01 651.10	22.0900	2.1900
2005-05-31 670.40	22.7800	2.2500
2005-05-30 672.66	22.8500	2.2600
2005-05-27 666.66	22.7200	2.2500
2005-05-26 681.96	23.2400	2.3100
2005-05-25 697.37	23.7800	2.3600
2005-05-24 698.75	23.8400	2.3700
2005-05-23 685.78	23.4000	2.3300
2005-05-20 707.35	24.1500	2.4000
2005-05-19 710.01	24.2400	2.4100
2005-05-18 702.68	24.0000	2.3900
2005-05-17 699.42	23.9000	2.3800
2005-05-16 684.50	23.3400	2.3300
2005-05-13 701.57	23.9300	2.3900
2005-05-12 696.11	23.7500	2.3700
2005-05-11 690.14	23.5600	2.3600
2005-05-10 700.37	23.8800	2.4000
2005-05-09 709.56	24.2000	2.4400
2005-04-29 742.56	27.5400	2.5500
2005-04-28 752.98	28.0000	2.5600
2005-04-27 748.92	27.9200	2.5500
2005-04-26 767.40	28.6100	2.6100
2005-04-25 757.20	28.2400	2.6200
2005-04-22 763.89	28.3600	2.6200
2005-04-21 793.90	29.5400	2.7200
2005-04-20 788.92	29.3200	2.7000
2005-04-19 806.54	29.9900	2.7700
2005-04-18 816.30	30.4100	2.8000
2005-04-15 829.48	30.8800	2.8500
2005-04-14 841.14	31.2800	2.8900
2005-04-13 821.43	30.5100	2.8200
2005-04-12 798.30	29.6500	2.7500
2005-04-11 813.30	30.2200	2.8000
2005-04-08 821.69	30.5000	2.8300
2005-04-07 806.11	29.9100	2.7800
2005-04-06 799.85	29.6600	2.7600
2005-04-05 779.20	28.9600	2.6900
2005-04-04 777.95	28.9000	2.6900
2005-04-01 786.56	29.1800	2.7200
2005-03-31 750.18	27.8200	2.5700
2005-03-30 747.76	27.7600	2.5200
2005-03-29 784.15	29.1300	2.6400
2005-03-28 797.77	29.6400	2.7000
2005-03-25 800.27	29.7500	2.7200
2005-03-24 807.51	29.9900	2.7500
2005-03-23 801.91	29.7800	2.7300
2005-03-22 797.32	29.5800	2.7100
2005-03-21 801.52	29.6500	2.7300
2005-03-18 786.76	29.0900	2.6800
2005-03-17 788.74	29.1700	2.6900
2005-03-16 804.74	29.7700	2.7500
2005-03-15 814.15	30.0900	2.7800
2005-03-14 829.50	30.6700	2.8300
2005-03-11 834.87	30.9100	2.8500
2005-03-10 818.80	30.3100	2.8000
2005-03-09 833.59	30.8800	2.8600
2005-03-08 824.54	30.5500	2.8300
2005-03-07 791.66	29.3300	2.7300
2005-03-04 794.09	29.4200	2.7400
2005-03-03 802.30	29.7200	2.7600
2005-03-02 797.95	29.5600	2.7500
2005-03-01 807.92	29.9300	2.7900
2005-02-28 815.25	30.2000	2.8100
2005-02-25 814.29	30.1700	2.8200
2005-02-24 810.69	30.0300	2.8100
2005-02-23 813.77	30.1500	2.8200
2005-02-22 800.92	29.6700	2.7800
2005-02-21 758.83	28.1100	2.6300
2005-02-18 747.54	27.6900	2.5900
2005-02-17 752.76	27.8900	2.6100
2005-02-16 753.72	27.9200	2.6100
2005-02-04 751.31	27.8300	2.6000
2005-02-03 730.86	27.0800	2.5300
2005-02-02 754.35	27.9500	2.6200
2005-02-01 706.86	26.1900	2.4500
2005-01-31 715.71	26.5100	2.4800
2005-01-28 729.67	27.0300	2.5300
2005-01-27 743.61	27.5500	2.5800
2005-01-26 755.53	27.9900	2.6200
2005-01-25 762.67	28.2500	2.6500
2005-01-24 793.25	29.3900	2.7600
2005-01-21 770.31	28.5400	2.6800
2005-01-20 741.61	27.4700	2.5800
2005-01-19 758.40	28.1000	2.6400
2005-01-18 778.91	28.8600	2.7100
2005-01-17 773.33	28.6500	2.6900
2005-01-14 798.08	29.5700	2.7700
2005-01-13 812.41	30.1000	2.8200
2005-01-12 814.43	30.1700	2.8300
2005-01-11 822.36	30.4600	2.8600
2005-01-10 822.75	30.4800	2.8600
2005-01-07 812.69	30.1100	2.8200
2005-01-06 816.66	30.2500	2.8400
2005-01-05 818.91	30.3400	2.8500
2005-01-04 805.97	29.8600	2.8000
2004-12-31 813.49	30.1400	2.8300
2004-12-30 815.89	30.2200	2.8400
2004-12-29 808.54	29.9500	2.8100
2004-12-28 831.99	30.8200	2.8900
2004-12-27 834.14	30.9000	2.9000
2004-12-24 837.25	31.0200	2.9100
2004-12-23 826.37	30.6100	2.8700
2004-12-22 850.49	31.5100	2.9600
2004-12-21 819.49	30.3600	2.8500
2004-12-20 818.63	30.3300	2.8400
2004-12-17 844.54	31.2900	2.9300
2004-12-16 868.98	32.1900	3.0200
2004-12-15 891.98	33.0400	3.1000
2004-12-14 888.31	32.9100	3.0900
2004-12-13 885.38	32.8000	3.0800
2004-12-10 879.98	32.6000	3.0600
2004-12-09 893.78	33.1100	3.1100
2004-12-08 870.15	32.2300	3.0200
2004-12-07 861.14	31.9000	2.9900
2004-12-06 875.56	32.4300	3.0400
2004-12-03 879.81	32.5900	3.0600
2004-12-02 858.49	31.8000	2.9800
2004-12-01 866.52	32.1000	3.0100
2004-11-30 876.45	32.4700	3.0500
2004-11-29 875.88	32.4500	3.0400
2004-11-26 903.45	33.4700	3.1400
2004-11-25 903.83	33.4800	3.1400
2004-11-24 914.74	33.8900	3.1800
2004-11-23 901.24	33.3900	3.1300
2004-11-22 913.67	33.8500	3.1800
2004-11-19 913.81	33.8500	3.1800
2004-11-18 921.95	34.1800	3.2100
2004-11-17 912.34	33.8200	3.1700
2004-11-16 925.01	34.2900	3.2200
2004-11-15 934.87	34.6600	3.2500
2004-11-12 920.28	34.1200	3.2000
2004-11-11 913.09	33.8500	3.1800
2004-11-10 922.21	34.1900	3.2100
2004-11-09 872.72	32.3500	3.0300
2004-11-08 861.63	31.9400	3.0000
2004-11-05 863.37	32.0100	3.0000
2004-11-04 867.18	32.1500	3.0200
2004-11-03 891.78	33.0600	3.1000
2004-11-02 857.59	31.8100	2.9800
2004-11-01 867.52	32.1800	3.0200
2004-10-29 876.50	32.5100	3.1300
2004-10-28 877.01	32.5300	3.3600
2004-10-27 910.96	33.7900	3.5500
2004-10-26 882.11	32.7200	3.5800
2004-10-25 854.25	31.6900	3.6900
2004-10-22 861.21	31.9400	3.7200
2004-10-21 819.87	30.4100	3.5500
2004-10-20 827.99	30.7100	3.5900
2004-10-19 822.30	30.5000	3.5600
2004-10-18 834.32	30.9500	3.6100
2004-10-15 818.76	30.3800	3.7000
2004-10-14 856.01	31.7600	3.8700
2004-10-13 945.53	35.0800	4.2800
2004-10-12 944.68	35.0500	4.2800
2004-10-11 954.80	35.4300	4.3200
2004-10-08 962.57	35.7200	4.3600
2004-09-30 899.13	33.3600	4.0700
2004-09-29 900.05	33.4000	4.0700
2004-09-28 894.90	33.2100	4.0500
2004-09-27 879.84	32.6500	3.9800
2004-09-24 895.85	33.2400	4.0500
2004-09-23 921.42	34.1900	4.1700
2004-09-22 925.40	34.3400	4.1900
2004-09-21 911.45	33.8200	4.1200
2004-09-20 887.74	32.9400	4.0200
2004-09-17 860.03	31.9100	3.8900
2004-09-16 823.93	30.5700	3.7300
2004-09-15 787.52	29.1100	3.5900
2004-09-14 733.65	27.1800	3.4100
2004-09-13 713.77	26.4500	3.3200
2004-09-10 744.36	27.5800	3.4600
2004-09-09 738.27	27.2100	3.4800
2004-09-08 750.21	27.6500	3.5300
2004-09-07 751.69	27.8300	3.5900
2004-09-06 750.25	27.7800	3.5800
2004-09-03 745.52	27.6000	3.5600
2004-09-02 754.90	27.9500	3.6000
2004-09-01 742.66	27.8200	3.6200
2004-08-31 760.75	29.8400	3.7200
2004-08-30 750.91	29.4500	3.6700
2004-08-27 731.64	28.6900	3.4500
2004-08-26 736.56	28.8900	3.3900
2004-08-25 754.32	29.5800	3.4800
2004-08-24 768.28	30.1300	3.4900
2004-08-23 756.71	30.4100	3.5100
2004-08-20 783.33	31.5800	3.6100
2004-08-19 776.91	31.3200	3.3600
2004-08-18 775.42	31.2600	3.2800
2004-08-17 799.91	32.2400	3.3300
2004-08-16 805.83	32.4800	3.2300
2004-08-13 862.10	34.4600	3.4300
2004-08-12 874.02	34.8800	3.4800
2004-08-11 874.89	34.7600	3.4100
2004-08-10 908.46	36.5800	3.4500
2004-08-09 898.71	36.1900	3.4100
2004-08-06 929.77	37.4400	3.5300
2004-08-05 949.66	38.2400	3.6200
2004-08-04 953.71	38.4100	3.6200
2004-08-03 948.44	38.1900	3.6100
2004-08-02 933.38	37.7200	3.6100
2004-07-30 927.14	37.2300	3.4900
2004-07-29 928.85	37.3000	3.5000
2004-07-28 910.08	36.5400	3.4300
2004-07-27 879.15	36.0100	3.2000
2004-07-26 923.69	37.8400	3.3700
2004-07-23 947.20	38.8000	3.4600
2004-07-22 921.96	37.7700	3.3700
2004-07-21 945.70	39.0200	3.4800
2004-07-20 964.37	39.7900	3.5500
2004-07-19 973.80	40.2200	3.5600
2004-07-16 969.15	40.0300	3.5400
2004-07-15 920.91	38.0400	3.3700
2004-07-14 923.51	38.8600	3.4400
2004-07-13 914.85	38.5000	3.4100
2004-07-12 917.28	38.6000	3.4200
2004-07-09 978.58	40.3700	3.6800
2004-07-08 994.31	41.0200	3.7400
2004-07-07 986.54	40.7000	3.7100
2004-07-06 1011.34	41.7300	3.8100
			
			
			
			
			
			
			
			
			
			
			
			
			
			
			
			
			
			
			
			
			
			
			
			
			
			
			
			
			
			
			
			
			
			
			
			
			
			
			
			
			
			
			
			
			
			
			
			
			
			
			
			
			
			
			
			
			
			
			
			
			
			
			
			
			
			
			
			
			
			
			
			
			
			
			
			
			
			
			
			
			
			
			
			
			
			
			
			
			
			
			
			
			
			
			
			
			
			
			
			
			
			
			
			
			
			
			
			
			
			
			
			
			
			
			
			
			
			
			
			
			
			
			
			
			
			
			
			
			
			
			
			
			
			
			
			
			
			
			
			
			
			
			
			
			
			
			
			
			
			
			
			
			
			
			
			
			
			
			
			
			
			
			
			
			
			
			
			
			
			
			
			
			
			
			
			
			
			
			
			
			
			
			
			
			
			
			
			
			
			
			
			
			
			
			
			
			
			
			
			
			
			
			
			
			
			
			
			
			
			
			
			
			
			
			
			
			
			
			
			
			
			
			
			
			
			
			
			
			
			
			
			
			
			
			
			
			
			
			
			
			
			
			
			
			
			
			
			
			
			
			
			
			
			
			
			
			
			
			
			
			
			
			
			
			
			
			
			
			
			
			
			
			
			
			
			
			
			
			
			
			
			
			
			
			
			
			
			
			
			
			
			
			
			
			
			
			
			
			
			
			
			
			
			
			
			
			
			
			
			
			
			
			
			
			
			
			
			
			
			
			
			
			
			
			
			
			
			
			
			
			
			
			
			
			
			
			
			
			
			
			
			
			
			
			
			
			
			
			
			
			
			
			
			
			
			
			
			
			
			
			
			
			
			
			
			
			
			
			
			
			
			
			
			
			
			
			
			
			
			
			
			
			
			
			
			
			
			
			
			
			
			
			
			
			
			
			
			
			
			
			
			
			
			
			
			
			
			
			
			
			
			
			
			
			
			
			
			
			
			
			
			
			
			
			
			
			
			
			
			
			
			
			
			
			
			
			
			
			
			
			
			
			
			
			
			
			
			
			
			
			
			
			
			
			
			
			
			
			
			
			
			
			
			
			
			
			
			
			
			
			
			
			
			
			
			
			
			
			
			
			
			
			
			
			
			
			
			
			
			
			
			
			
			
			
			
			
			
			
			
			
			
			
			
			
			
			
			
			
			
			
			
			
			
			
			
			
			
			
			
			
			
			
			
			
			
			
			
			
			
			
			
			
			
			
			
			
			
			
			
			
			
			
			
			
			
			
			
			
			
			
			
			
			
			
			
			
			
			
			
			
			
			
			
			
			
			
			
			
			
			
			
			
			
			
			
			
			
			
			
			
			
			
			
			
			
			
			
			
			
			
			
			
			
			
			
			
			
			
			
			
			
			
			
			
			
			
			
			
			
			
			
			
			
			
			
			
			
			
			
			
			
			
			
			
			
			
			
			
			
			
			
			
			
			
			
			
			
			
			
			
			
			
			
			
			
			
			
			
			
			
			
			
			
			
			
			
			
			
			
			
			
			
			
			
			
			
			
			
			
			
			
			
			
			
			
			
			
			
			
			
			
			
			
			
			
			
			
			
			
			
			
			
			
			
			
			
			
			
			
			
			
			
			
			
			
			
			
			
			
			
			
			
			
			
			
			
			
			
			
			
			
			
			
			
			
			
			
			
			
			
			
			
			
			
			
			
			
			
			
			
			
			
			
			
			
			
			
			
			
			
			
			
			
			
			
			
			
			
			
			
			
			
			
			
			
			
			
			
			
			
			
			
			
			
			
			
			
			
			
			
			
			
			
			
			
			
			
			
			
			
			
			
			
			
			
			
			
			
			
			
			
			
			
			
			
			
			
			
			
			
			
			
			
			
			
			
			
			
			
			
			
			
			
			
			
			
			
			
			
			
			
			
			
			
			
			
			
			
			
			
			
			
			
			
			
			
			
			
			
			
			
			
			
			
			
			
			
			
			
			
			
			
			
			
			
			
			
			
			
			
			
			
			
			
			
			
			
			
			
			
			
			
			
			
			
			
			
			
			
			
			
			
			
			
			
			
			
			
			
			
			
			
			
			
			
			
			
			
			
			
			
			
			
			
			
			
			
			
			
			
			
			
			
			
			
			
			
			
			
			
			
			
			
			
			
			
			
			
			
			
			
			
			
			
			
			
			
			
			
			
			
			
			
			
			
			
			
			
			
			
			
			
			
			
			
			
			
			
			
			
			
			
			
			
			
			
			
			
			
			
			
			
			
			
			
			
			
			
			
			
			
			
			
			
			
			
			
			
			
			
			
			
			
			
			
			
			
			
			
			
			
			
			
			
			
			
			
			
			
			
			
			
			
			
			
			
			
			
			
			
			
			
			
			
			
			
			
			
			
			
			
			
			
			
			
			
			
			
			
			
			
			
			
			
			
			
			
			
			
			
			
			
			
			
			
			
			
			
			
			
			
			
			
			
			
			
			